500
3 3 2
3 1
3 2
2 3
298 116 2
20 54
42 64
181 36
94 3 2
35 3
42 1
69 2
175 77 2
135 11
172 24
133 61
3 3 2
2 3
3 2
3 3
181 8 2
73 5
151 1
55 7
45 116 2
19 78
44 77
7 106
3 3 2
1 1
2 2
1 2
3 23 2
2 20
2 21
1 2
47 3 2
46 3
2 3
36 2
291 211 2
208 67
155 167
81 199
67 25 2
32 10
66 3
21 18
239 96 2
163 43
97 71
186 81
296 63 2
5 30
78 47
40 32
3 294 2
2 133
2 29
2 136
64 245 2
5 28
17 9
22 240
4 4 2
4 4
1 1
3 3
68 46 2
28 20
8 23
52 12
3 3 2
1 1
2 2
3 3
3 3 2
1 3
3 1
1 1
226 61 2
118 38
84 50
213 36
148 210 2
16 80
70 65
148 159
4 4 2
2 2
4 2
2 3
75 212 2
29 10
7 63
14 54
3 267 2
2 189
3 88
3 150
3 3 2
2 3
1 1
2 2
3 3 2
1 1
3 3
1 3
266 280 1
136 193
86 138
3 33 2
3 7
1 18
2 29
3 3 2
2 3
1 1
2 1
141 267 2
131 38
1 215
3 95
3 4 2
3 2
1 2
2 2
4 3 2
3 3
4 1
4 3
74 3 2
3 1
62 2
27 3
166 179 2
10 48
21 162
151 116
3 3 2
1 2
2 3
2 2
3 3 2
2 3
2 2
2 1
3 3 2
2 3
1 1
2 1
3 3 2
3 2
2 2
1 1
225 16 2
93 10
34 5
146 5
3 3 2
1 1
3 1
2 2
276 3 2
246 1
145 2
41 3
32 233 2
20 29
4 47
23 28
4 4 2
2 4
4 1
4 3
113 3 2
31 1
42 2
91 2
67 25 2
32 10
66 3
21 18
114 3 2
14 2
40 3
37 1
3 4 2
3 2
2 4
1 3
4 4 2
4 2
1 4
4 3
3 3 2
2 3
2 2
1 1
3 82 2
1 80
2 68
2 54
4 3 2
3 1
3 3
4 1
3 3 2
1 3
1 2
1 1
223 3 2
223 2
154 3
99 3
122 174 2
114 131
29 27
94 37
3 3 2
2 2
3 2
2 3
4 271 2
2 236
3 168
3 89
143 248 2
66 187
127 3
68 236
3 3 2
1 2
2 3
1 3
3 296 2
1 145
1 287
1 100
4 4 2
3 2
4 2
2 2
3 102 2
2 75
3 32
1 100
4 4 2
3 3
2 2
1 4
126 3 2
47 1
42 3
62 3
3 106 2
3 61
1 89
1 15
6 34 2
2 26
1 19
4 10
3 3 2
3 1
1 2
2 2
21 119 2
16 47
11 59
17 49
135 127 2
131 30
40 86
75 12
4 3 2
4 2
1 1
3 2
245 3 2
69 2
231 2
54 2
122 234 2
118 21
107 39
17 21
3 132 2
3 96
3 13
3 87
4 3 2
4 1
3 2
4 3
4 4 2
3 4
1 3
3 2
55 4 2
27 3
37 4
35 2
111 209 2
85 39
34 197
98 204
4 4 2
1 2
4 3
2 2
3 3 2
2 1
2 2
3 1
4 4 2
4 3
1 3
2 3
3 3 2
1 3
2 3
2 2
4 3 2
2 2
2 3
3 2
4 4 2
3 2
3 1
4 2
3 3 2
3 2
2 3
1 3
67 55 2
53 41
24 6
61 10
90 125 2
31 64
79 107
63 117
248 170 2
97 101
121 35
163 101
38 171 2
8 166
4 10
36 120
222 107 2
187 74
94 24
176 107
4 4 2
1 2
4 1
3 4
3 98 2
1 12
2 2
1 81
3 3 2
3 1
2 1
1 1
3 4 2
3 4
1 2
2 2
3 3 2
2 1
2 2
3 3
3 3 2
3 2
1 1
2 1
3 4 2
3 1
1 3
2 1
55 53 2
48 42
39 31
29 10
48 230 2
5 227
26 141
6 110
4 3 2
4 2
1 1
2 1
248 211 2
3 98
216 158
16 14
3 3 2
3 1
2 3
1 2
300 97 2
227 79
92 69
246 58
32 3 2
3 3
8 2
9 1
4 4 2
1 3
1 1
2 1
44 170 2
9 42
25 61
42 46
4 4 2
1 2
4 4
3 1
208 82 2
20 73
117 23
135 48
68 268 2
55 11
41 165
3 94
3 3 2
3 1
2 3
1 3
214 3 2
101 2
68 3
85 2
20 272 2
7 12
12 50
20 140
31 224 2
27 151
13 176
31 74
3 276 2
2 102
2 208
2 128
298 187 2
61 71
42 87
92 4
3 4 2
2 3
3 2
3 1
3 5 2
1 1
3 2
3 1
135 109 2
26 108
35 44
133 76
277 153 2
84 34
91 93
251 14
4 3 2
4 2
1 1
3 1
4 4 2
1 1
2 1
4 1
296 231 2
220 166
98 17
194 46
3 3 2
2 3
3 3
1 3
158 34 2
135 16
61 7
66 11
4 3 2
4 3
3 1
4 1
226 209 2
148 7
177 8
222 185
144 3 2
89 3
100 3
129 1
300 187 2
288 42
78 11
107 58
3 3 2
1 1
1 3
3 1
68 37 2
26 6
48 36
37 30
3 3 2
1 1
2 2
1 2
265 265 2
241 106
140 48
46 1
198 3 2
55 1
177 2
71 1
4 3 2
3 2
4 3
1 2
3 95 2
1 71
1 53
1 77
3 3 2
2 1
1 3
2 3
160 77 2
156 58
106 65
56 49
3 120 2
3 114
2 58
3 26
4 4 2
4 4
3 2
3 3
3 3 2
2 1
1 1
1 3
4 4 2
3 1
2 4
4 2
299 3 2
9 2
217 2
138 2
116 180 2
88 84
50 38
29 131
4 4 2
3 3
2 4
2 2
12 42 2
9 6
8 24
11 36
92 215 2
39 177
87 210
3 66
3 95 2
2 67
3 88
1 13
184 238 2
179 45
137 177
183 9
110 28 2
95 24
49 12
66 10
24 120 2
24 101
8 73
23 13
3 3 2
3 1
3 2
2 2
225 249 2
178 100
129 202
130 184
176 3 2
159 3
79 3
42 3
3 3 2
2 3
2 2
3 3
4 4 2
1 4
4 4
2 2
8 8 2
8 1
8 8
1 1
182 84 2
142 56
180 26
79 80
20 3 2
4 1
17 2
8 2
160 149 2
75 15
76 149
22 8
134 195 2
95 91
74 21
55 111
3 3 2
3 1
2 3
1 1
3 3 2
3 1
2 3
3 3
260 248 2
212 121
112 198
193 141
4 4 2
2 3
3 4
4 2
4 4 2
4 2
2 1
3 4
230 75 2
201 29
103 10
123 51
3 3 2
1 1
1 3
3 1
137 283 2
112 25
93 98
91 128
3 3 2
3 3
2 1
2 2
72 300 2
38 228
56 46
44 66
3 3 2
1 3
3 2
1 1
300 5 2
2 3
15 2
300 5
162 87 2
139 87
38 27
130 10
3 4 2
2 1
2 2
1 2
250 169 2
74 30
35 60
115 56
87 217 2
62 179
38 213
35 19
201 106 2
201 44
190 8
94 83
3 3 2
3 2
1 1
2 3
53 220 2
34 30
38 1
3 7
3 3 2
3 1
2 1
3 2
101 3 2
7 2
58 1
16 3
23 3 2
3 2
8 3
21 2
3 3 2
3 2
2 3
1 1
168 21 2
163 10
97 9
138 21
4 4 2
1 1
3 4
4 4
149 123 2
16 106
78 24
139 123
14 88 2
11 50
7 51
6 52
168 157 2
27 14
154 68
46 114
125 29 2
121 21
21 5
83 5
196 103 2
55 12
31 70
68 53
3 3 2
2 3
1 3
3 2
146 180 2
83 117
53 121
107 141
3 3 2
1 2
3 3
3 2
258 3 2
163 3
211 2
191 3
3 3 2
2 3
2 2
1 2
4 4 2
4 4
2 2
4 2
176 252 1
112 136
64 175
288 125 2
19 107
148 22
119 38
203 192 2
178 71
108 105
103 12
3 3 2
1 3
2 2
1 1
4 4 2
4 2
2 1
1 2
3 13 2
2 11
3 7
3 8
179 279 2
173 19
21 242
166 168
3 294 2
2 139
2 81
2 220
4 3 2
2 1
3 2
4 3
3 3 2
3 3
3 2
1 1
103 122 2
91 3
32 104
42 57
4 3 2
4 1
3 3
2 3
232 36 2
221 11
229 21
207 19
3 37 2
3 29
3 35
3 4
4 3 2
2 1
3 1
2 2
175 279 2
159 114
35 73
161 5
4 4 2
2 1
4 1
2 2
3 4 2
1 4
1 3
3 4
3 3 2
1 3
2 3
3 2
242 173 2
210 29
94 76
144 64
158 3 2
157 1
149 2
34 2
4 4 2
4 3
3 3
3 1
152 258 2
133 175
13 143
23 39
4 4 2
1 3
4 4
2 4
3 3 2
2 2
1 3
1 1
3 4 2
3 1
3 4
2 2
3 3 2
1 1
2 3
2 1
166 168 2
32 44
25 139
27 129
265 137 2
77 70
86 71
17 64
3 3 2
3 1
3 2
1 2
3 261 2
2 207
1 163
1 220
257 294 2
117 290
188 102
74 103
162 171 2
46 128
112 131
4 46
147 17 2
88 4
116 12
126 13
3 3 2
3 2
1 2
3 3
4 4 2
3 2
3 4
1 3
196 284 2
166 92
88 177
39 240
228 3 2
65 2
112 2
207 3
226 3 2
23 1
182 1
6 2
217 161 2
147 105
110 24
170 151
4 4 2
3 4
2 1
3 1
109 3 2
37 3
79 1
96 1
180 3 2
75 3
1 3
112 2
3 3 2
1 3
2 3
3 1
3 3 2
2 1
2 2
3 2
4 4 2
4 2
3 3
4 1
3 159 2
1 116
2 89
2 101
3 4 2
2 3
2 1
2 2
75 44 2
33 40
47 7
46 22
3 4 2
2 2
1 1
1 3
3 3 2
1 2
3 1
3 2
3 3 2
2 2
1 3
1 1
153 285 2
10 36
90 263
121 210
130 157 2
128 13
47 99
31 19
267 141 2
37 110
151 96
107 43
285 188 2
37 170
182 88
284 169
4 4 2
1 1
1 2
2 3
3 3 2
3 2
1 1
3 3
173 44 2
143 12
80 26
129 22
4 4 2
3 2
2 1
2 2
3 292 2
2 41
3 147
1 95
35 29 2
7 20
35 9
29 28
19 3 2
10 2
1 1
2 2
96 214 2
32 213
24 75
26 168
245 39 2
118 13
47 16
183 21
180 160 2
76 144
177 64
151 55
97 274 2
70 76
62 269
85 57
186 253 1
25 75
130 15
4 4 2
1 2
1 3
1 4
4 4 2
2 2
3 1
4 4
3 3 2
2 2
2 3
1 3
114 263 2
53 113
41 134
1 223
111 3 2
6 1
2 1
33 2
4 4 2
2 3
2 4
2 1
190 195 2
71 146
82 8
37 161
241 3 2
6 2
229 3
155 3
31 134 2
16 26
19 122
25 46
3 193 2
1 69
1 37
3 181
4 3 2
4 3
1 1
3 1
228 102 2
36 86
103 89
154 95
3 10 2
2 10
1 9
3 9
297 3 2
153 2
222 3
27 1
231 3 2
50 3
212 2
116 3
4 4 2
1 3
1 4
4 1
268 3 2
251 2
170 2
158 3
4 3 2
4 2
1 1
4 3
4 3 2
4 3
1 3
2 3
3 3 2
3 2
1 2
2 1
230 192 2
51 36
169 78
99 167
4 3 2
1 2
3 2
1 1
25 65 2
5 10
6 16
7 9
3 3 2
3 2
3 1
1 3
3 120 2
1 3
2 12
1 34
3 162 2
3 143
3 76
3 47
256 16 2
24 14
88 12
19 12
296 79 2
158 66
257 62
100 19
3 3 2
2 2
1 2
1 3
3 3 2
2 1
1 3
3 1
33 204 2
23 87
1 194
33 43
94 26 2
29 21
61 19
22 19
63 165 2
45 1
26 71
34 83
3 3 1
1 1
2 2
3 3 2
3 3
2 1
2 2
3 90 2
2 32
3 52
3 31
71 87 2
36 44
1 87
71 1
158 38 2
139 32
2 9
72 27
33 3 2
10 2
10 1
9 3
3 3 1
1 1
2 2
3 3 2
1 1
3 1
1 2
3 3 2
3 3
3 2
2 2
3 276 2
2 25
3 99
3 19
269 115 2
92 59
110 86
73 22
4 3 2
4 2
3 3
3 2
186 263 2
90 115
175 74
38 165
3 3 2
1 3
3 3
2 2
191 3 2
48 3
12 2
154 2
272 47 2
155 20
148 20
101 33
69 68 2
9 23
26 16
9 44
3 3 2
1 1
3 3
2 2
3 295 2
2 275
3 128
2 162
284 3 2
264 1
245 2
217 1
4 4 2
1 2
3 1
4 3
298 3 2
101 2
276 1
259 1
3 173 2
3 22
2 139
2 87
3 97 2
1 67
3 9
2 27
50 3 2
18 1
4 3
15 3
3 3 2
1 3
3 2
2 1
281 3 2
104 3
271 3
40 3
3 130 2
2 1
2 91
2 8
82 3 2
20 3
51 3
16 3
299 84 2
235 27
246 33
213 65
3 3 2
3 2
3 3
1 3
3 274 2
3 150
2 241
3 253
241 3 2
24 1
88 3
194 2
3 257 2
1 233
1 11
1 17
3 3 2
3 2
1 2
2 3
7 7 2
4 4
1 7
2 7
117 260 2
18 16
68 35
5 77
3 3 2
1 3
2 1
3 3
43 180 2
40 104
14 48
30 115
9 238 2
8 156
5 230
4 8
3 3 2
1 1
3 3
1 3
3 3 2
1 1
2 1
3 3
136 3 2
125 1
21 3
52 2
170 240 2
155 128
89 28
34 87
46 3 2
5 2
39 3
20 1
3 4 2
1 1
3 3
2 1
3 21 2
1 1
1 14
3 11
175 284 2
116 12
113 282
42 124
3 53 2
1 31
2 42
1 23
3 3 2
3 2
1 3
2 2
4 4 2
1 4
1 2
3 4
3 3 2
1 3
3 2
1 2
3 3 2
3 3
3 1
3 2
3 3 2
2 1
1 3
2 3
3 3 2
1 3
2 2
1 1
4 4 2
1 4
1 3
3 1
188 227 2
88 218
74 176
70 79
86 142 2
44 136
12 132
75 79
4 3 2
4 3
1 3
3 3
223 130 2
95 101
196 15
9 117
3 3 2
2 2
2 3
1 2
4 3 2
2 1
4 3
3 1
4 3 2
4 1
3 2
1 1
100 197 2
9 189
63 138
11 143
204 268 1
4 197
14 18
180 3 2
42 3
180 2
88 2
132 44 2
122 19
56 4
88 10
80 112 2
38 85
23 94
71 98
4 4 2
2 3
2 4
4 3
5 221 2
1 141
1 4
2 49
4 3 2
4 2
3 3
2 3
3 3 2
3 3
2 2
1 2
3 10 2
2 10
1 9
3 9
3 3 2
3 2
1 1
2 2
3 4 2
1 4
3 2
2 3
149 7 2
41 2
121 7
117 1
4 4 2
3 2
4 1
1 3
4 3 2
1 2
4 1
2 1
7 266 2
3 60
4 151
1 134
48 90 1
13 33
38 61
4 3 2
4 3
2 3
1 2
4 4 2
2 3
2 2
4 1
88 83 2
66 62
69 43
25 57
228 74 2
165 60
155 6
100 47
112 184 2
92 11
83 139
104 22
40 161 2
4 99
7 151
3 24
171 234 2
58 26
69 153
83 50
3 3 2
1 3
2 3
3 1
269 3 2
68 3
28 3
76 3
252 3 2
44 1
231 1
8 2
254 32 2
29 17
40 5
204 24
96 247 2
4 98
16 247
23 216
267 35 2
104 30
31 7
76 13
8 8 2
8 1
8 8
1 1
169 222 2
26 84
131 82
29 167
168 75 2
47 3
20 35
4 10
3 3 2
1 2
2 1
3 1
243 3 2
178 2
212 3
233 3
3 256 2
3 162
3 208
2 250
300 5 2
2 3
15 2
300 5
22 3 2
15 2
22 2
19 3
3 4 2
3 1
2 1
1 3
3 107 2
2 3
2 98
2 36
3 3 2
1 1
2 1
3 2
4 3 2
2 3
2 1
2 2
54 202 2
25 8
24 46
39 89
3 34 2
1 8
2 22
3 16
247 215 2
237 91
116 144
227 133
290 279 2
170 194
45 3
137 190
267 136 2
100 69
55 84
242 32
16 102 2
15 94
8 47
4 6
300 300 2
1 1
1 3
3 1
41 3 2
24 1
36 1
21 1
89 95 2
66 9
69 81
8 71
64 223 2
5 170
33 136
34 45
230 274 2
33 132
107 18
54 15
135 219 2
82 197
62 100
7 29
4 3 2
4 1
4 3
3 3
142 5 2
126 5
29 1
49 2
104 3 2
47 1
64 2
79 1
3 4 2
2 2
3 4
1 4
147 3 2
15 2
38 3
120 1
198 3 2
7 1
50 1
103 1
3 4 2
1 4
3 4
3 1
300 300 2
1 1
1 2
2 1
3 3 2
1 1
2 1
2 2
4 4 2
1 3
3 2
2 4
3 3 2
2 2
3 1
1 2
4 3 2
3 1
1 1
3 3
4 3 2
1 1
4 3
4 1
113 162 2
87 18
90 11
69 155
3 3 2
3 3
2 2
2 3
3 3 2
3 2
2 1
3 1
3 3 2
3 1
3 3
1 2
4 4 2
4 3
2 3
2 1
3 3 2
3 2
1 3
1 1
3 3 2
2 1
3 3
1 1
3 3 2
3 2
3 1
2 1
4 3 2
1 2
4 2
1 3
14 288 2
4 154
2 217
12 141
71 87 2
36 44
1 87
71 1
111 31 2
65 15
35 4
107 5
3 187 2
2 63
1 22
2 78
3 4 2
2 4
1 2
3 3
3 20 2
3 18
1 11
1 5
3 3 2
1 1
2 1
3 1
4 3 2
2 1
1 3
2 2
101 3 2
33 3
15 3
23 1
227 3 2
138 3
72 2
86 3
3 25 2
2 23
3 20
2 14
3 3 2
1 2
3 2
2 3
43 214 2
17 134
23 175
40 162
19 55 2
10 5
7 31
14 4
19 3 2
4 3
18 3
18 1
234 255 2
25 112
88 203
92 186
199 288 2
190 109
125 55
178 116
4 3 2
3 2
3 3
1 1
257 193 2
70 126
143 140
136 51
3 191 2
3 184
2 46
1 113
3 3 2
3 2
2 2
2 1
259 179 2
141 162
185 106
101 127
4 4 2
1 1
4 4
2 2
4 3 2
2 3
2 2
2 1
3 23 2
2 7
2 2
3 9
3 39 2
2 13
2 24
1 13
3 93 2
2 9
1 51
2 53
4 4 2
1 3
3 2
3 4
3 3 2
3 2
2 3
2 2
217 9 2
213 5
194 9
114 4
3 3 2
2 2
3 3
1 3
285 209 2
182 20
125 50
228 189
255 81 2
74 12
4 67
27 50
4 3 2
1 2
3 2
3 3
23 108 2
14 9
8 92
6 59
273 291 2
61 163
120 29
231 45
248 275 2
86 128
145 122
16 19
4 4 2
4 2
4 4
2 4
13 4 2
13 1
4 2
10 1
4 4 2
4 1
4 4
2 1
276 3 2
161 3
177 2
89 2
3 4 2
1 2
1 3
3 4
4 4 2
4 2
2 3
2 4
296 3 2
88 1
237 1
65 2
230 97 2
217 17
59 27
124 80
3 3 2
3 1
3 3
2 1
55 5 1
10 5
29 3
58 3 2
6 1
16 3
38 2
3 4 2
3 4
2 1
3 3
3 3 2
3 1
1 3
2 1
298 35 2
61 20
83 34
66 34
174 93 2
18 43
173 13
40 22
291 177 2
259 154
268 97
265 113
152 170 2
43 79
113 127
22 141
4 4 2
1 2
4 3
2 1
17 3 2
11 2
17 3
13 3
3 3 2
3 3
1 3
1 2
4 4 2
1 4
4 4
2 2
244 3 2
220 2
182 2
60 1
99 3 2
18 3
75 1
20 2
3 3 2
2 3
3 1
1 2
4 4 2
3 3
2 4
1 4
3 3 2
3 3
3 1
1 3
117 3 2
79 2
60 3
18 3
3 3 2
1 2
2 3
2 1
