100
975420144 330972313
805282776 389555103
199026917 323294327
422502267 156778634
191541256 659201223
944975216 256532500
653823534 599285330
901596869 804450554
200246123 631302734
426687593 363653311
931553298 113156969
565688582 291356986
884235981 629501995
202790649 450216945
434442749 712121721
207221262 193313629
493684328 192430957
311079087 896849607
550963110 153296694
959542098 945839808
731568949 262537089
523720829 497364885
353593477 687809842
347356551 813032945
216604660 627568002
638727076 572990554
562972047 111084047
720653685 972313660
744589367 435548076
215903449 408070058
273261869 734897574
795860780 940733681
762988177 158876489
107430066 678455292
546352146 916182775
282270541 372079282
983663268 532328247
744981243 658135384
574198856 702918125
440873263 481380042
172341878 561588281
809630668 772769348
793626451 275804611
910096562 245829462
197253477 968315171
523385511 352716369
188157871 307188700
435197923 911181340
966512575 176140570
746350265 315144340
614373578 549077385
773536184 453717676
479877638 463514221
292346698 984462631
598058288 995494730
297363524 780759445
277186831 668179181
393082944 473143412
419989161 802078527
366468229 939546384
710173607 884852907
617179059 603326961
957002942 525575679
397127875 205266064
404230175 177850070
130296263 235768235
981011867 811728980
777182203 536661247
448227191 144557463
912351759 405263032
738871564 993916368
941367975 847207790
246455946 814318813
797447775 982891577
999237414 869065790
997816491 813974954
214477089 471017547
709953604 389698428
753135252 693811934
374568570 116384566
749012115 991098463
457567161 356772770
743459394 478434086
863451227 230051062
676777523 686343127
412177354 437408584
678963751 141999817
625589024 529722264
159415792 428857474
402726693 417146096
817252606 445774408
404175943 909682472
493319235 774324519
782073502 208526628
765707222 179168369
500721158 672381798
917202587 996136835
676823634 525008731
988523994 378495528
467829325 207890438
