100
473 590
852 534
866 744
759 943
218 780
352 999
513 890
871 847
528 92
699 152
730 265
39 798
308 72
34 669
393 707
888 583
102 282
475 982
116 57
810 980
340 958
643 63
656 199
604 394
264 678
239 88
131 964
487 343
917 79
40 462
60 336
106 668
277 134
364 291
493 925
630 678
411 556
711 792
259 459
922 843
317 989
751 569
384 264
170 247
881 662
646 948
608 727
276 255
764 764
402 131
51 387
761 518
123 281
451 67
716 481
499 229
752 632
74 61
710 90
561 804
432 234
886 296
241 189
341 686
853 227
228 932
404 568
724 464
528 305
311 357
415 437
213 373
387 501
895 859
382 957
497 490
693 296
944 811
59 715
300 546
464 446
670 63
832 519
821 19
137 691
311 374
897 84
937 840
807 844
374 383
392 857
718 398
705 491
388 595
175 95
588 415
112 564
598 882
569 99
708 542
