100
4
1332
4
9583
3
616
10
1029384756
97
7877787778777878778887878788878778778877877877878888778787777777877787878878777887887777887777787
91
7664575765464656454646776665567674765664767467565744767446776746644656454554657465775665574
98
25456333665622566365265644454245444542334565666325252265365242356323562564363625523226552642636263
97
8777878778877877787787778887777777887878877888777887778777887887778878788888887778887778888778788
95
45544646546645455446456644464665555454656455646664666664564666554654666655566455566644456646564
92
35535554433434454544454335434435333445455453335555444443445335553443345435343544435444333544
2
01
98
22221222211121111222121221121222212111222111122212211121122212222121122112222222112222211111212222
94
4325354332253535452455524352253224325355533452335243442425544444245352423455435245454545555444
91
8888989998988989888988898998999888989998889989889899889998989899889988889989889989899999898
100
0212222121010010001022022201210122000200221200111020001001120222222120220220221122022220002101102212
95
45555445544555444545545555444454554544555445455544545455555554544455555554545445555545545455454
99
756467354333637566464477457777636475533356556436553664537774346446776367347573746656537775567736653
100
7417981842576814797785588267749722969333825549777838191969711732478941657993285495145173839768723983
91
1101001100001011000100100010010111100111111001110010000000001011110001101100100000111100110
94
6787485785435387857484438486867338843385836534477885653435886365387336853446463464754653873847
94
3323422433344424443332234342322322323323244433232443224233442334443432244342322243433424342433
95
31023410410003220022222032242304201040223204043422240322244412132314432044331043144010141142112
98
55323112414451564421466315351555151662165241331436315432531513211646555541465435542613514445523211
100
0123456789012345678901234567890123456789012345678901234567890123456789012345678901234567890123456789
91
3100021303101313120010031300023212300201313211220103300310313330312303303200232103202113332
100
3535336643563654535544336564456335656633356464333334445555446434543443355333346566645533636555543636
93
223020220344300402204001232020423200111201133234213123241401423440211103203112442344424020021
15
222229888888811
3
110
99
444444333434344444333433434433344343444434344334434344434443344343344334334343434334444434434444434
97
3334434433443433434444333333443334434344344344334334433333333433333333433434443444434333443343444
98
21221222122122211111111111112111221122222221221212221221112122211112211211122211122122122111212122
93
126461542162244431656365556141635135365261424212122216415431135445432452613362243452123621332
95
23322133311233223131313332133111323312312232333123121222322323311132333313213232112131132311232
92
11222222121211221221122221211221122112211211211121121111211121111212222111212122212211121222
97
3333334454445333334555535534343445535435434534435534534343545343554333533553335343343444444553345
100
3914446693293374958846932916546576481641299473232511741862965687649111784175656663198284551445586817
99
353737366436737346553734747674563655367335777737466557375337646675337577766754676576554335667377757
92
76676686676687677676668688876887867866877688877886687868778766886768887767777868788868877768
90
121201014231403233034123024113123232011323441442434231431242323404023303202431104122014433
2
10
93
857857887978586559659998686956687558566667677787687885589797995896988668976785667976879985767
98
51524454352212312552525231151541435135223435515424221125155441124442113155412442534343214154152241
96
298381219556543245744478921774366821118184218138598299548621148251894489128129877127981949216996
100
4688547566363779974778539965834595575484949876395683863446384987493598785764989366588387363944488375
100
4586852853966932355712286723739696599713766367437945588862876961528639729869176644878325548928539259
93
110210221110201011220102020102101000201122122000122122101210001112000000000011100200202121202
93
011100325534415025440502314444010422553221450552554333024303511520423241033044334115552054012
5
19091
100
0987654321098765432109876543210987654321098765432109876543210987654321098765432109876543210987654321
99
212222212221222222122121212112211221122212122222122111122122211222121121111121112211121122211221212
97
3443434343333343343343443344434433334434434343443433333344443343344444433443333433443433443443433
97
4373364554663473545677736576343677543574744354747356376545636664756733666647635344364465647674677
3
211
96
665655556666556666665555565656555565566655566666665555556565656566665656565565566555665555656566
92
77677777555765555557776577676755577655577677555755777576666566667575565567675666656675757776
95
41111435544527548115453713163842156383387451865316814836485348341666765465224337754515313486335
100
0000000000000000000000000000000000000000000000000000000000000000000000000000000000000000000000000000
98
48559597975996454547576596488474666574898775658489695598596959584768747499998784479498465446468497
95
54445656555444455645655655666645546644664555444655646564664664455646545666446565464565645446566
95
44455444554444455545554544444445544544455445444545455444555555555444444554545445445554545444545
2
00
93
835566687343332452526447723342423733423745327475347442385548576287426875384327864726732772666
90
635543654454555556653465566453436566564454335563555564336443454454643365634444635434544464
90
211131213211213121212212313222221333221213332233131332322122223322323221131313311313232331
90
366354567344365373345744465446457663375447466357376475353657647457573454537645355653776746
92
44664353566563465546453535544664443433335466455553436456444343366565434333643346444353346336
99
365573752302433317722507636076433746212625653237313266611136445762411252176364313022161034150745031
100
2114555125521333555533325554413434143552532451133222114323521413513111545444454535214544154552113534
99
354344425423334425423422422245345345223343223224443453234353454443322454242445443252253522533235533
96
425331302011220152132444441011255320032045400253322552014450145235010024045434531250052503211401
90
767456565745676565747777476777574746547677467664577656556774474575554647564565775474765657
95
04284525065764500236271858240552275116162555206435888670486835136515128256620354883588665120100
98
22322323223223322323322233322232332233232232333222333333223233222332223323232233333323233233332332
95
60240411577427263267445754250102231176346024052437412265117346030244647673402634273012563370733
92
98988988998999898899989898899999999998989999889988888888888898998998898988899998898889898888
7
9000555
93
301232022202010111120203213022113300131212020201301133300021331303232130132301332102001112110
95
35647334438855847568455373435473575635547383665543446838844685676667554373353436675775377484637
92
20040551450234143310244343505242031042220411312453012011205402000241153444334441322404334115
100
0000000000111111111122222222223333333333444444444444444444443333333333222222222211111111110000000000
100
9999999999999999999999999999999999999999999999999999999999999999999999999999999999999999999999999999
98
88982294931964843977833197585883647983398463363989395651332614438514327391245722214666835642992179
3
001
93
788877877778788777887788778787877888778878788878788777787788778888787778778878788787787778878
94
6999876797796988798667768979888766877678867676689667687779789967987967777677698877897899769766
97
4499443757563469755512134854251737658493368899418618776184198822464313359715274449924363112952929
93
514555152352320132133530001031401243453331345034535245023311211155233010540302522135325550541
90
656565566665665665556555655656555665655556556665665666655656555565666566666556655566566656
92
33352332263626563522654646652443426436454433253635325442455523223626555522566363544543336566
92
18454148910252853843400664844952386410629420588138904753365688244440223428803223328820993436
90
351115202656453260056451223554045354254635431304101323614201126603102362613633414055213160
99
344146122032253361134206620311214550112466414414250334454542001010522250545462220234311350122553060
90
302210022303303001330310001301111132002323231101312103122223112331230003223102302121230311
92
64604662464743534450140672036723416630167172111650406070514072421616073777517434007675234750
3
112
98
67585574568656776544858788548677775784875468767744664876564878874547644468644848446855568774847567
3
011
92
55467445455454745654457746665464657467747777775444547664765557746764755745476556777745566445
99
654465656666646465656464655555655644464554464654555665646546564466654655655645555445556664565455565
