100
2 1
2 2
3 1
3 2
10 5
100000 1
100000 100000
100000 50000
90181 60083
98680 72689
83480 30824
90594 88964
97410 17598
93513 7487
81072 67509
90726 73212
98244 49171
88689 51329
80776 24410
81600 3522
90551 4974
82920 28780
83084 42253
85364 58659
89033 38791
96349 30190
86710 83943
86212 63042
91812 78777
84167 149
98977 35699
94240 9653
98449 70414
96364 83424
86376 47633
97047 16985
95043 45078
85117 14168
85381 34251
89733 58859
99326 19385
85750 72894
96242 76802
99297 22710
82737 5928
97080 8379
82756 18571
89417 2573
94213 81335
83226 4075
81283 4299
96331 57273
88038 68678
90379 63270
93363 26446
94328 25590
81722 75595
98440 80491
98430 24958
93700 6931
81562 21833
82084 75930
99385 89810
93147 74097
88273 15150
86789 19627
98276 23939
85954 54745
95672 22793
80914 55685
97922 17205
94021 18902
84909 57046
92879 34610
98265 93226
82691 53903
88301 45357
97550 90601
92681 91446
82412 11036
83516 35767
83010 16336
84223 23506
82820 34165
92695 2113
84409 74784
85256 3285
81206 25852
85494 35057
81232 11479
99457 68668
95035 32808
89122 6324
84092 51754
97786 68906
89243 29181
97370 85872
99102 87207
99967 19892
91077 87771
