100
2 1
2 2
3 1
3 2
10 5
100 1
100 100
100 50
85 49
85 61
80 54
86 77
81 32
93 53
96 9
82 16
85 31
98 27
88 24
89 46
84 20
85 58
89 66
92 44
97 52
81 3
87 86
92 34
88 83
89 27
97 57
98 73
80 21
98 56
85 37
92 57
90 18
100 57
88 60
100 61
83 50
88 17
97 14
96 46
92 35
86 28
87 40
95 64
83 81
94 4
99 32
92 25
97 84
83 22
92 67
86 13
95 10
84 12
97 64
99 5
84 74
85 11
85 8
89 11
84 16
99 9
99 7
91 86
88 56
92 13
85 63
90 48
81 5
83 29
99 55
94 70
86 51
84 79
98 30
89 23
92 58
88 69
94 24
92 72
96 74
83 13
85 55
100 22
97 33
87 2
97 97
89 67
80 35
89 79
100 27
89 43
96 43
90 66
80 26
83 4
