100
42
11
1
2018
5758020093496408
9613792347426885
3967875361173446
9867172022380909
2322182873496790
7155037038493018
6292108915390535
9915597146393065
8466052891810652
1674063778837369
7321621179282844
8253307385919314
3567184769588921
6847661393112648
3357991438513382
9999999999999999
10
3562012847348354
2688526581668833
72626903459071
7414703459320991
9138712171425931
1028228115669668
2629949406666875
3104520762284013
2
7708830672020092
5796593353750626
9297554078123485
960622099409772
3873256332372029
95
7148683241469127
1555555555555555
1145021543961538
9
5744157705728287
8224467715526306
2018414818516939
706312858381499
7012372595063895
6919189502961077
4209543970942302
298697545201486
4567201960896214
3704054990284398
8339185755560936
2408503546020309
1334558720370991
5868260286332867
1813912067313008
8025733079180372
6
6211100873553101
8872869631451669
6546228537805069
1234630672613174
8
2332364268072483
8028340381799060
8836995978058525
8054059509475589
8052156782485492
6875010548968352
4431794000968698
594990990113090
4
504766857313058
890840490907714
2438060574218610
26625097658661
799217944072069
4972289917720162
3481163110028389
8888888888888889
7496421069556640
8162652986612537
5315833303057231
10000000000000000
9628411809013884
4377715834626225
9326168643369068
5205989817709523
4193581220065955
8638923878146261
2862778229643431
6907973096512503
5
3
4565036839533787
1408672413047582
2543296985726139
8379993013302636
5575771732789526
7
4900575755354680
