1000
13 35 36
71 75 75
16 53 10
27 5 38
3 8 88
38 36 53
39 72 57
75 23 60
82 97 70
39 12 84
88 98 52
4 86 31
12 55 55
85 70 9
75 18 15
44 52 32
17 89 70
0 55 55
77 89 85
32 46 61
75 91 13
4 90 64
13 17 1
86 54 55
67 60 99
98 28 93
95 53 33
88 98 54
24 89 95
95 88 7
74 29 63
52 23 15
7 54 41
41 67 73
47 1 94
85 93 63
2 72 59
0 2 42
52 90 42
22 97 31
82 65 54
43 54 4
88 64 68
38 10 22
91 5 25
55 2 71
37 29 63
12 24 3
91 61 19
80 74 70
45 70 62
22 45 39
60 86 100
6 33 77
59 75 48
3 19 75
80 46 30
33 34 86
15 48 19
33 17 14
90 37 82
21 60 67
73 44 1
52 29 5
30 83 16
56 80 4
34 74 94
18 57 73
3 66 73
80 66 44
85 84 21
34 92 69
95 59 36
97 24 78
69 96 28
53 77 48
87 63 16
17 81 100
46 60 37
37 59 59
13 21 19
6 68 91
77 88 1
46 59 25
21 1 14
30 64 33
23 65 87
28 1 34
93 28 75
47 27 41
100 66 7
19 67 40
99 99 99
34 29 29
99 92 73
23 58 58
82 86 16
34 26 6
63 90 6
2 1 3
48 64 69
86 7 52
24 57 38
89 11 13
82 87 30
16 58 27
97 81 53
82 77 39
29 23 13
4 80 61
16 86 48
16 54 82
10 34 82
87 21 91
20 98 70
5 92 68
12 83 57
32 94 82
67 77 35
56 35 42
46 25 23
65 19 26
71 59 9
72 17 12
36 86 34
23 34 79
67 68 52
66 98 21
51 37 95
7 13 7
4 99 34
75 30 25
91 65 22
82 19 81
33 20 79
97 69 86
85 73 70
56 83 72
88 56 9
7 52 70
84 79 64
40 47 81
33 35 34
27 23 72
76 78 55
56 44 57
18 66 28
60 52 78
4 79 33
39 43 22
3 22 39
30 5 55
54 7 5
51 32 31
0 42 24
20 46 63
12 3 26
75 46 17
57 61 15
89 42 1
84 71 12
49 78 52
100 1 1
60 38 13
87 37 94
77 23 24
3 31 48
67 95 83
79 67 41
95 20 58
78 71 68
32 15 55
43 19 26
88 55 34
36 60 91
5 95 26
57 38 52
58 86 97
78 28 94
91 47 20
16 48 34
51 34 61
84 98 25
84 58 56
92 33 47
18 56 55
34 98 65
98 55 70
2 77 57
15 70 53
38 4 40
65 39 45
51 61 55
47 88 70
21 17 22
87 93 35
96 67 6
24 24 77
91 25 16
94 62 11
93 85 66
65 48 46
28 14 70
78 56 13
39 85 37
92 10 71
96 2 72
77 91 2
100 74 54
19 61 77
12 7 78
99 26 64
100 91 18
21 84 62
77 75 53
5 97 10
68 88 5
35 81 8
16 43 68
79 74 13
38 55 3
73 35 23
66 30 100
31 30 58
8 47 90
81 64 70
86 98 75
5 98 52
36 22 35
5 36 8
57 27 68
1 52 5
47 39 84
18 69 54
61 11 61
28 44 77
96 95 29
36 87 6
55 3 20
22 95 30
3 83 27
81 38 96
100 6 94
79 69 11
0 20 21
20 62 88
8 59 6
15 72 4
48 59 23
7 29 92
97 96 54
55 93 15
81 45 30
28 96 15
16 20 13
19 25 7
53 66 72
11 45 87
14 46 40
38 2 57
19 54 59
52 20 71
98 85 64
66 26 38
73 29 39
10 72 100
96 44 13
92 55 47
30 57 67
100 89 96
80 60 28
2 59 23
87 5 14
34 99 40
68 13 87
29 72 80
23 36 86
43 72 63
40 29 19
61 9 64
17 63 22
32 96 39
96 23 79
42 67 14
18 61 15
33 6 28
7 29 86
85 71 33
2 94 46
70 87 37
10 33 33
51 39 32
63 53 74
8 20 80
75 97 39
43 58 83
67 19 16
61 85 22
22 54 16
73 5 80
100 54 94
85 74 65
48 52 2
86 15 32
99 35 58
97 10 17
74 92 31
97 87 65
4 25 17
14 89 2
93 92 92
20 56 69
53 52 65
89 86 90
85 7 21
45 24 7
29 94 95
73 91 41
74 86 76
37 21 1
30 60 84
76 70 22
87 70 20
72 83 63
57 10 21
65 77 89
34 5 87
83 25 47
13 78 5
23 100 5
12 72 15
87 40 57
4 78 15
8 31 78
34 38 11
67 73 45
96 33 27
61 30 32
93 94 28
61 11 97
100 6 31
20 56 46
45 61 96
25 24 95
13 9 38
28 62 38
27 86 68
77 31 9
100 87 47
50 22 86
31 46 91
67 56 15
82 94 57
35 73 75
45 12 15
34 10 100
6 37 12
15 73 20
93 24 72
11 72 92
10 9 17
1 28 70
99 60 89
67 43 20
24 29 11
47 27 8
82 20 52
76 77 73
73 43 35
75 12 4
8 87 8
82 89 7
2 21 41
25 47 39
97 16 13
83 89 31
25 76 48
13 99 9
54 18 72
55 94 27
79 87 63
16 96 54
43 99 74
50 22 62
31 20 6
6 90 7
45 24 72
100 23 20
98 100 65
13 66 1
7 52 33
66 75 25
31 32 20
100 33 89
21 99 3
19 13 36
2 98 62
16 66 96
98 80 87
43 41 16
57 53 73
24 26 19
46 65 73
42 33 100
21 88 44
88 27 3
85 2 99
11 92 53
97 10 91
66 25 14
57 98 14
4 92 13
48 100 7
10 36 76
34 85 73
74 27 60
11 97 8
55 84 13
70 16 5
35 99 22
16 86 46
52 68 11
49 86 5
62 67 78
38 20 36
61 12 61
90 70 34
37 17 62
28 88 81
36 54 38
71 75 25
45 39 5
92 3 36
50 69 97
93 61 47
27 39 58
47 53 21
25 60 20
82 24 95
25 25 97
8 58 1
24 81 77
23 68 11
43 89 76
9 77 77
46 13 25
5 34 58
54 28 31
44 7 12
37 13 100
6 90 18
76 85 40
70 59 36
7 33 36
74 98 45
28 16 5
49 18 95
42 4 54
50 82 26
8 78 93
54 53 91
34 16 89
42 8 52
59 8 29
17 24 45
50 96 59
91 35 47
16 39 79
22 41 17
5 4 81
82 55 91
15 19 12
13 28 46
19 41 36
26 54 1
27 81 7
2 76 15
33 12 86
84 90 42
82 28 71
67 83 21
41 48 10
23 89 93
77 21 90
95 52 21
32 10 75
3 96 47
50 91 58
36 12 28
58 90 100
14 36 81
12 100 82
1 23 28
80 22 42
44 19 7
76 45 72
87 66 72
84 63 8
46 100 80
44 52 32
55 98 32
54 84 33
4 84 60
71 83 38
92 38 94
52 72 19
9 70 2
67 3 26
29 81 85
4 1 83
25 43 87
46 71 15
100 61 33
63 43 23
18 22 25
73 94 6
40 31 94
75 63 74
37 73 10
19 59 93
6 74 32
61 53 3
62 24 38
93 68 55
91 48 60
65 69 32
99 8 69
95 11 94
68 63 40
72 84 72
96 100 18
94 6 97
34 68 35
43 97 35
40 79 88
20 41 6
75 96 31
91 2 82
82 98 10
90 93 62
31 11 98
67 48 15
43 81 99
90 63 36
61 55 7
66 89 30
6 45 79
71 52 15
20 73 91
45 54 78
78 31 43
67 1 56
93 62 100
39 39 55
73 100 14
13 63 44
48 46 58
50 22 39
3 82 67
42 93 63
20 2 14
90 98 72
36 32 85
67 12 75
28 13 37
40 58 61
8 61 3
79 6 30
1 54 73
19 7 99
40 5 31
0 99 43
63 39 40
13 94 70
49 11 58
42 93 80
3 40 45
42 35 78
43 30 26
50 36 93
53 85 73
34 72 75
71 35 27
11 73 54
97 48 53
24 100 35
44 26 6
56 30 6
79 37 2
28 46 55
21 89 97
2 47 93
87 20 40
0 33 60
29 71 99
23 17 75
42 65 78
62 44 84
35 57 4
27 61 19
100 66 13
76 23 47
29 37 5
32 38 20
7 56 41
18 18 95
69 11 77
31 90 6
2 9 3
66 43 12
5 47 66
49 43 41
31 15 100
20 18 1
72 40 83
49 60 88
60 57 42
34 54 33
39 5 87
23 21 97
19 71 93
54 28 35
46 69 58
51 9 46
16 12 2
70 35 42
93 79 38
91 63 31
6 10 20
51 66 33
78 84 95
43 9 84
38 18 74
88 17 98
25 2 9
70 91 100
49 22 17
10 37 85
92 7 98
78 53 78
95 61 13
45 94 28
41 35 64
19 8 1
28 95 98
20 24 95
11 5 82
57 92 78
49 34 10
70 57 74
55 82 52
36 65 62
54 70 59
86 92 88
40 29 7
37 65 24
4 62 87
12 85 59
28 75 45
22 42 25
49 37 81
1 69 27
37 62 67
35 29 87
21 28 21
25 43 2
52 71 59
36 98 30
100 31 11
23 1 19
13 45 52
90 77 46
91 59 33
77 75 10
1 97 39
77 65 16
29 75 87
98 23 27
63 47 47
86 33 83
83 21 71
30 41 28
65 70 12
1 22 6
1 42 57
83 12 56
19 38 41
61 34 14
68 85 59
34 64 3
75 56 53
76 47 70
35 16 42
99 61 22
5 74 9
16 35 59
52 79 8
18 75 8
7 95 21
51 52 94
25 74 22
2 42 20
19 57 99
95 85 18
29 21 13
54 36 40
88 17 100
46 13 17
42 91 58
84 53 47
33 69 55
52 37 89
9 78 90
37 2 41
48 55 54
68 82 88
45 62 57
52 22 97
37 54 52
75 18 61
42 25 39
4 11 83
56 6 32
43 24 79
55 68 37
73 4 82
36 61 83
47 88 38
81 8 37
44 62 13
50 95 41
64 16 62
66 96 69
15 29 66
76 58 19
43 48 99
61 56 2
17 73 94
66 22 24
32 77 66
51 82 15
26 20 90
17 55 29
28 81 52
29 2 60
84 90 1
11 45 47
41 97 37
50 58 100
12 8 16
100 84 31
4 64 60
95 21 59
92 4 28
60 98 27
86 67 92
94 30 5
7 38 80
34 59 57
38 6 39
93 8 68
23 66 83
36 64 15
71 28 11
25 40 82
14 72 37
56 91 37
75 97 59
11 32 65
70 42 40
95 82 27
20 94 40
93 21 57
72 73 82
7 83 47
10 32 14
57 64 92
73 67 79
41 31 52
100 37 76
53 3 4
85 33 65
42 63 85
33 39 73
44 88 41
69 91 72
48 69 67
52 33 14
82 32 14
51 16 84
95 95 17
97 82 93
67 45 84
70 88 73
23 76 96
24 1 68
20 73 83
38 73 58
90 58 66
65 81 74
97 18 34
81 16 88
98 83 39
49 73 97
1 94 5
31 9 89
39 62 18
5 85 97
43 47 33
32 67 10
59 46 2
53 70 66
89 74 71
59 89 41
48 19 14
19 80 12
61 58 61
35 71 80
78 92 39
5 77 17
94 30 67
30 5 25
92 67 54
7 84 93
57 28 81
11 60 98
52 68 7
23 70 19
61 38 36
92 40 17
57 48 78
12 65 66
69 39 59
57 41 42
97 40 88
98 87 25
99 13 4
7 34 65
38 96 19
46 100 56
57 26 71
62 46 8
78 28 15
12 71 89
29 35 24
57 75 37
59 30 79
54 98 4
86 89 75
57 59 38
62 17 11
73 66 59
39 68 98
87 63 13
80 53 38
85 68 41
95 22 15
80 5 56
83 41 63
58 99 46
16 66 92
29 16 45
7 84 22
13 55 55
23 3 100
74 3 72
22 15 99
73 32 97
5 47 9
72 96 80
59 78 24
77 46 25
100 60 84
97 88 98
23 7 3
59 75 32
79 46 84
13 46 10
20 39 43
21 57 20
20 46 23
1 55 20
55 94 47
65 34 26
4 95 82
44 35 57
17 52 13
66 15 25
90 24 63
59 22 76
95 11 94
34 66 96
1 90 31
54 83 44
82 42 37
57 87 8
28 11 21
70 25 2
77 83 32
56 82 23
31 47 82
19 95 1
23 7 39
11 83 30
91 24 30
9 67 78
68 31 60
31 80 31
53 97 9
79 8 72
52 56 84
22 64 65
88 5 55
91 63 85
10 28 72
98 6 75
48 16 37
56 1 93
72 69 8
54 73 68
20 46 39
100 9 27
10 33 56
78 21 43
100 97 2
35 22 38
35 68 35
58 16 65
97 44 64
1 13 64
54 6 54
43 86 20
41 12 92
24 84 57
42 67 86
69 3 81
10 5 43
89 84 47
77 76 20
82 47 46
16 58 42
87 37 39
1 74 53
8 2 87
16 88 96
5 77 3
17 37 79
11 30 40
66 17 16
56 22 38
35 8 16
72 9 77
86 75 33
28 37 95
47 71 80
60 4 61
64 76 28
8 64 34
65 89 98
35 97 48
23 74 80
55 94 1
74 32 14
30 61 23
32 71 93
99 92 60
78 12 41
62 48 83
20 71 63
70 93 6
93 6 84
89 80 48
25 63 58
51 26 61
38 91 22
89 21 73
32 98 7
96 97 9
7 55 65
77 46 98
35 62 33
38 68 94
26 2 42
67 54 42
92 80 87
60 87 90
17 42 4
66 69 9
49 47 74
22 20 89
70 44 46
55 65 61
37 33 18
67 67 62
91 41 56
54 12 86
31 43 35
84 93 54
47 52 75
17 53 33
