100
57482 1
99899 1
99988 5
99879 3
99819 1
99803 35
99944 49
99936 1
49424 1
15900 1
99893 2
47281 3
19409 1
99836 1
99828 1
100000 100
99965 21
99888 1
99993 1
99931 3
99876 1
99929 1
99945 1
99813 1
1 1
62951 2
99811 3
99856 1
94250 3
99954 1
99985 1
99962 24
99903 2
99970 5
30038 70
7 1
99913 1
99885 1
99968 5
99959 1
99878 1
99816 3
99830 1
99932 8
99964 19
99801 1
58260 5
73210 17
99820 1
95471 1
93807 3
99851 1
100000 1
99900 1
99890 2
99904 1
43957 5
99869 2
20925 2
99971 2
99860 1
62474 5
99849 1
99845 1
99883 91
99996 1
99844 5
96443 1
99952 1
10 2
99834 2
99908 2
99943 5
99805 23
99818 3
99979 8
99839 1
99807 5
99896 81
99950 1
2806 1
99832 1
99817 1
5768 1
70313 3
99920 1
99822 5
99946 71
99942 1
99973 1
99991 1
99894 1
99853 2
99848 1
99881 3
99887 1
99868 16
99995 1
48437 1
99934 64
