100
972 1
1842 1
1116 1
1866 2
1879 3
1882 1
514 1
1865 3
1835 1
1897 1
1870 5
1939 1
1971 5
1922 3
456 1
1 1
1989 5
142 1
1940 1
2000 1
1976 76
1983 1
1908 1
1970 1
1929 5
1942 1
340 9
369 1
1927 47
1811 2
1901 1
1838 28
1787 17
1877 1
1994 1
1709 3
1884 1
1938 1
1863 1
1987 1
1845 3
1363 5
1930 1
1883 3
1985 1
1975 1
1831 82
1876 5
1393 5
1898 2
1817 64
1941 1
2000 1
1964 1
1852 1
1800 1
1934 37
1102 5
1818 2
1843 5
1909 2
925 48
1961 1
7 1
1414 1
1869 1
1809 1
819 1
1957 1
1830 3
1857 2
1881 6
1805 2
1932 12
1912 3
1823 2
1910 3
1969 1
1888 84
891 5
1299 3
395 1
1903 1
1911 1
1997 2
1959 1
1950 78
2000 100
1921 1
1904 1
1928 1
1824 13
1096 1
1946 1
1855 1
1868 1
1951 21
1826 2
1937 1
10 2
