0 0 162520 1061109567
4 0 2 7 3 6 8 1 5 
1 0 193628 1061109567
4 7 2 8 3 6 1 0 5 
0 1 16360 1061109567
0 4 2 7 3 6 8 1 5 
1 1 193578 1061109567
4 7 2 8 0 6 1 3 5 
0 1 171880 1061109567
4 2 0 7 3 6 8 1 5 
1 1 193626 1061109567
4 7 2 8 3 6 0 1 5 
0 1 178336 1061109567
4 3 2 7 0 6 8 1 5 
1 1 193629 1061109567
4 7 2 8 3 6 1 5 0 
0 1 193000 2
4 7 2 0 3 6 8 1 5 
0 2 173296 1061109567
4 2 3 7 0 6 8 1 5 
1 2 162714 1061109567
4 0 2 8 7 6 1 3 5 
0 2 174772 1061109567
4 2 6 7 3 0 8 1 5 
1 2 193000 1
4 7 2 0 3 6 8 1 5 
0 2 177928 1061109567
4 3 2 0 7 6 8 1 5 
1 2 193074 1061109567
4 7 2 0 8 6 1 3 5 
0 2 178360 1061109567
4 3 2 7 1 6 8 0 5 
1 2 193602 1061109567
4 7 2 8 1 6 0 3 5 
0 2 178396 1061109567
4 3 2 7 6 0 8 1 5 
1 2 193608 1061109567
4 7 2 8 3 0 1 5 6 
0 2 178434 1061109567
4 3 2 7 8 6 0 1 5 
1 2 193656 1061109567
4 7 2 8 6 0 1 3 5 
0 2 303880 1061109567
7 4 2 0 3 6 8 1 5 
1 3 16554 1061109567
0 4 2 8 7 6 1 3 5 
-1
