150
31 605
54 0 392
18 283 605
3 0 472
46 57 230
23 346 605
55 324 605
57 308 605
61 153 469
24 322 605
36 0 312
84 74 323
25 33 605
41 170 605
28 0 304
8 329 605
56 0 556
59 10 605
79 274 557
10 227 605
0 0 580
30 84 213
71 0 585
34 137 605
49 14 605
32 0 595
76 0 516
48 0 326
19 0 311
9 445 605
58 207 605
15 0 571
33 492
71 0 209
8 82 492
7 0 386
49 90 492
57 292 492
48 261 492
29 0 359
40 0 428
6 34 439
10 0 458
9 267 492
21 130 492
27 154 363
47 87 489
42 0 459
32 119 480
39 237 492
43 106 306
23 170 374
22 110 492
14 187 440
17 0 441
4 0 316
65 0 222
30 20 170
34 62 320
12 143 492
38 34 138
15 45 492
24 0 330
51 23 492
28 0 166
68 0 318
49 671
81 0 656
34 168 671
60 284 671
105 0 573
106 52 407
74 0 624
80 26 237
26 173 671
75 135 671
24 215 671
77 0 407
0 384 670
28 0 389
92 0 651
57 96 626
5 0 598
100 92 371
62 91 671
47 47 671
27 514 671
71 0 539
41 85 607
84 254 520
38 0 555
35 143 405
20 0 321
49 0 563
98 0 257
67 188 671
7 61 671
14 73 671
78 0 579
16 179 656
91 52 558
107 0 614
54 0 452
27 0 508
4 231 671
110 0 642
73 0 632
70 170 671
90 148 671
13 253 483
15 0 642
93 205 671
83 0 630
1 476 671
23 132 671
64 250 671
1 19
38 0 8
12 680
65 318 680
10 255 680
2 168 680
31 83 680
38 217 680
62 80 680
13 271 528
14 97 324
72 435 621
78 151 391
48 0 680
70 0 553
34 533
71 336 533
0 27 443
107 0 259
94 0 441
5 166 533
9 0 410
31 18 144
130 132 533
15 361 478
67 260 533
46 63 533
73 138 256
83 30 175
109 188 533
121 0 511
62 38 533
11 97 401
37 0 211
45 0 453
10 173 533
32 0 353
87 0 415
68 72 273
38 0 519
110 41 533
8 29 533
42 210 353
31 257 400
86 254 533
72 83 447
6 310 533
47 65 533
90 83 410
54 148 533
50 594
43 104 224
0 430 585
49 0 469
39 94 594
2 136 594
35 248 594
15 0 443
31 198 594
51 337 594
54 32 594
41 0 570
44 0 287
59 0 490
30 0 366
50 0 564
16 29 594
20 0 588
4 121 594
57 0 310
32 0 560
14 0 481
9 155 490
37 157 358
38 168 594
3 97 594
13 0 363
25 391 594
60 0 256
27 308 594
11 410 576
36 72 231
18 198 594
10 158 594
42 112 554
19 0 541
21 137 594
53 0 397
33 351 594
48 227 594
26 0 375
6 12 594
58 290 594
8 0 437
34 276 594
11 206 355
23 73 594
40 84 374
28 55 207
29 285 477
12 0 457
7 938
0 430 938
4 0 428
19 281 871
18 0 646
9 284 938
12 408 938
14 0 476
13 928
45 62 928
54 0 219
90 49 928
48 51 798
43 0 912
42 299 564
13 0 728
24 412 928
101 0 780
94 65 928
57 16 350
14 0 748
4 0 867
36 461
139 0 316
90 9 461
141 202 461
33 111 461
49 222 345
135 4 461
125 60 432
38 161 365
131 0 461
19 158 268
51 66 196
123 0 414
63 87 398
75 0 349
57 0 296
3 150 335
50 206 461
37 189 461
32 0 440
111 225 354
46 40 461
39 3 461
31 0 218
87 76 461
119 102 461
61 142 461
67 0 377
76 64 461
15 348 461
24 0 269
105 5 461
132 0 382
52 192 461
45 321 461
62 0 453
26 111 400
22 823
22 9 381
30 64 366
50 42 823
36 58 823
53 349 823
27 103 314
44 0 805
7 152 463
8 332 823
5 20 823
15 309 823
2 0 681
29 0 352
31 16 451
25 0 504
51 311 823
11 0 732
55 92 543
39 48 307
46 257 823
16 0 649
4 0 609
26 129
37 0 89
29 0 101
5 22 129
10 56 129
31 28 83
23 20 129
19 72 129
38 0 107
9 23 89
6 0 101
40 33 129
17 3 129
15 55 129
33 0 100
35 43 129
21 33 129
13 0 117
25 4 88
26 4 98
3 8 129
28 0 108
8 0 129
11 36 117
32 41 83
44 30 129
39 0 61
41 939
5 0 894
115 218 939
1 28 686
87 0 939
111 583 939
85 541 939
11 0 639
21 0 411
117 354 899
121 414 939
101 0 684
88 0 818
16 304 939
86 0 913
73 539 903
106 265 939
61 116 939
84 429 939
118 182 723
13 6 939
43 62 939
105 492 939
83 555 939
70 180 939
38 0 794
42 0 772
108 0 651
17 0 624
55 12 939
4 0 903
44 253 939
58 0 530
39 526 939
93 253 939
119 0 717
24 72 939
33 0 570
66 80 939
56 327 939
67 175 939
95 230 939
27 843
38 149 843
19 0 817
24 0 641
26 188 843
22 0 711
40 0 743
12 0 212
11 56 843
5 0 633
39 0 788
41 0 843
13 361 675
33 53 843
47 365 843
28 274 843
44 195 843
35 89 843
8 54 843
18 265 843
20 0 562
27 0 347
17 194 432
32 302 843
9 90 843
14 53 843
3 27 843
43 0 836
46 381
64 249 341
1 80 381
16 80 381
9 0 355
55 0 285
7 60 276
2 0 183
43 0 360
49 142 381
51 103 349
8 0 381
20 54 381
56 0 190
45 167 381
59 80 381
24 0 304
5 247 381
52 22 381
3 62 381
41 0 365
12 126 381
21 0 263
62 0 367
32 223 358
23 50 381
25 82 381
19 12 381
39 0 364
14 101 381
53 4 381
17 202 381
61 0 151
54 103 325
31 167 381
29 0 91
10 91 381
5 52 171
4 169 324
40 0 299
46 64 381
29 237 329
57 0 303
26 0 198
2 211 381
34 221 362
0 113 270
33 939
11 0 784
32 241 939
56 102 939
59 256 939
25 0 724
46 231 939
16 54 939
10 96 303
3 0 772
22 0 576
28 64 317
57 0 214
61 33 939
39 433 939
60 0 377
4 380 939
23 433 939
55 400 939
51 526 790
30 0 928
12 0 464
62 0 530
38 14 939
26 491 939
5 669 939
0 435 939
19 192 939
35 614 939
53 262 939
34 0 892
29 109 439
21 0 785
5 291 650
49 935
42 0 518
68 337 935
27 77 935
25 361 935
24 0 407
29 4 282
12 0 802
56 43 513
8 252 808
11 161 935
31 0 770
0 0 627
36 329 557
16 194 935
49 0 803
19 287 631
18 122 935
61 403 935
20 392 935
1 0 548
52 0 891
62 259 493
64 0 733
33 38 935
9 17 935
67 568 872
37 0 698
71 0 893
38 0 654
34 0 638
70 140 935
2 0 750
13 256 935
17 476 935
40 155 591
26 565 760
22 0 778
55 66 935
26 0 538
15 89 847
54 570 833
60 98 935
43 208 495
53 357 935
5 425 935
7 155 701
23 95 494
65 516 935
41 354 700
48 195
130 0 185
46 0 150
18 43 195
0 0 186
17 32 195
31 31 195
89 46 115
94 0 177
101 0 175
84 52 195
95 0 192
108 81 195
52 0 152
2 0 187
14 99 157
134 0 180
119 67 195
72 0 187
125 42 195
8 91 195
21 0 156
113 36 195
88 74 115
6 61 195
115 0 146
116 92 195
34 0 167
40 31 159
98 31 195
39 0 186
7 111 195
87 65 195
77 0 156
4 0 175
61 15 195
138 59 195
11 0 167
137 0 189
55 0 93
142 0 149
30 0 170
29 0 175
126 12 195
49 99 195
45 114 163
20 11 147
57 76 195
70 47 195
41 963
12 676 963
15 112 610
69 354 963
3 159 963
1 88 418
4 0 833
24 380 728
63 480 744
38 272 963
61 271 870
24 36 347
55 118 963
47 330 963
71 0 739
18 32 737
14 0 839
48 0 963
9 0 518
57 354 886
11 0 963
35 0 833
20 79 963
45 645 922
41 201 963
29 157 963
60 0 518
59 180 963
32 280 963
31 0 810
64 34 963
36 101 956
5 0 472
68 0 459
37 89 963
51 0 920
40 0 658
65 0 617
8 138 886
23 0 877
19 0 855
58 97 963
48 151
87 65 150
76 97 151
61 30 151
0 6 151
24 44 127
5 0 61
14 0 78
94 36 151
119 0 132
99 46 151
20 0 145
30 0 109
28 0 123
31 10 151
100 32 151
42 1 151
63 91 151
47 0 83
21 13 151
3 18 93
48 0 121
36 0 72
108 57 136
56 28 151
60 0 131
23 3 151
27 34 80
43 0 115
35 18 151
85 12 151
104 74 151
8 0 104
22 28 151
2 0 124
39 0 103
68 0 88
110 15 151
65 59 151
51 8 111
44 6 151
59 80 151
88 68 151
73 57 105
116 77 151
91 0 105
12 0 132
37 51 151
86 0 147
44 220
35 83 132
3 0 182
38 0 218
27 0 109
46 0 207
8 48 220
12 52 220
57 57 220
50 0 134
19 7 220
39 0 83
42 14 101
6 15 140
9 0 102
36 84 220
31 0 170
49 129 220
1 0 144
33 0 147
47 0 77
32 107 220
15 0 189
55 84 220
53 0 115
0 0 157
41 0 175
58 0 135
2 0 156
13 29 220
60 12 220
30 0 180
10 0 184
16 0 219
4 53 219
7 0 188
20 0 96
29 132 206
43 115 220
59 9 220
5 0 218
25 0 214
28 39 220
24 142 220
17 1 220
8 762
11 34 762
47 0 687
73 0 591
51 215 680
22 0 647
57 0 741
72 51 360
45 89 425
37 582
13 77 582
21 0 240
32 5 582
18 0 537
55 78 582
9 226 367
6 240 582
40 0 393
28 405 582
16 0 406
8 128 582
17 0 481
22 0 463
49 156 582
33 0 429
36 353 582
3 0 556
51 209 469
42 219 582
52 0 428
58 18 582
26 103 582
59 149 361
39 0 343
0 0 582
41 92 466
47 303 570
43 215 582
4 0 510
1 0 531
24 39 582
14 78 582
45 191 391
34 5 582
46 148 382
25 0 267
30 155 526
27 650
98 193 650
60 0 325
73 0 358
12 0 548
81 0 414
22 320 650
53 199 474
90 0 612
27 242 650
66 0 495
13 0 648
9 104 598
91 437 650
68 51 650
103 8 650
21 95 650
49 0 315
104 501 644
83 0 377
99 0 558
56 0 628
72 0 190
41 350 650
28 437 648
1 355 650
95 0 510
32 170 650
2 182
18 75 182
0 49 182
41 565
22 0 509
94 0 364
65 0 341
64 22 565
127 8 565
112 0 183
43 266 565
0 312 565
8 93 565
95 92 565
88 0 465
69 0 204
70 43 565
124 207 565
146 308 565
123 0 198
92 48 565
67 89 321
109 336 565
80 203 565
106 226 518
136 286 565
128 0 507
126 48 527
51 0 329
68 0 561
45 0 474
107 67 565
12 254 522
42 161 385
140 89 382
148 246 565
20 0 307
23 0 303
121 105 565
26 0 486
17 0 367
54 0 524
135 0 519
91 0 421
111 0 262
2 4
0 0 3
1 1 4
37 695
52 57 695
56 0 283
36 0 684
53 0 551
41 330 695
0 0 539
34 0 524
20 340 695
45 370 693
16 43 437
48 173 695
50 46 695
22 236 695
57 71 695
11 0 384
8 207 695
5 205 695
19 159 695
33 135 695
12 24 695
49 0 603
9 234 695
51 0 623
3 175 695
35 107 695
24 0 581
31 96 695
26 144 695
46 326 695
42 0 426
58 0 352
6 0 478
55 0 244
43 125 351
32 365 695
21 0 515
2 65 285
14 920
41 124 920
25 82 920
85 315 774
47 0 908
49 57 920
48 443 686
77 567 830
30 0 286
3 215 506
64 119 920
15 413 920
53 0 577
22 0 582
13 217 920
49 883
25 0 791
85 0 383
57 0 847
45 0 629
49 0 849
35 241 883
30 0 693
17 0 864
73 144 383
2 73 883
68 162 360
88 0 601
48 21 883
5 0 610
65 159 883
43 108 883
24 0 756
34 0 742
56 0 757
27 86 883
8 77 837
52 0 865
67 40 632
0 72 883
83 210 883
75 0 643
64 17 883
76 0 690
15 661 877
6 0 224
38 0 577
15 0 451
12 397 883
63 281 566
61 0 479
81 0 859
44 219 883
13 18 883
29 64 883
79 63 883
55 442 704
51 168 883
60 278 883
86 0 723
74 0 843
40 203 795
10 247 883
28 92 883
84 328 883
35 887
57 196 887
59 16 887
29 0 658
74 51 812
22 107 887
82 0 448
105 62 887
26 0 757
50 0 696
13 0 782
17 0 847
64 322 887
37 522 887
91 533 822
36 0 521
11 56 887
34 349 887
70 0 772
71 545 887
108 133 887
3 147 887
32 0 833
89 0 821
21 0 681
87 87 887
68 391 887
38 0 684
40 373 887
116 88 467
58 93 887
7 355 887
55 0 481
16 0 706
123 0 867
94 487 887
45 153
90 12 153
28 65 153
98 75 153
92 39 152
103 0 124
91 98 153
117 13 95
44 59 153
36 39 153
101 0 144
25 50 153
71 24 130
14 50 153
67 42 153
54 0 73
2 13 153
1 9 106
105 0 149
13 0 123
34 0 99
23 66 153
100 64 153
48 104 153
21 50 153
55 0 114
33 33 121
51 0 152
64 4 95
75 0 153
73 0 152
38 7 153
70 0 127
89 0 136
43 67 133
30 70 143
31 21 153
99 91 136
74 47 85
78 0 122
110 25 153
50 18 100
5 0 109
93 50 153
59 51 153
60 0 83
43 644
4 0 488
39 0 558
80 162 644
28 0 640
49 99 644
95 237 644
2 0 412
123 0 558
31 107 644
97 480 644
121 139 644
32 0 307
133 0 611
35 82 413
11 0 405
34 0 630
88 0 322
104 0 617
43 185 630
37 0 461
68 206 644
41 23 410
103 47 184
65 215 644
102 0 629
147 0 468
134 166 352
25 213 500
22 0 390
29 62 644
44 0 499
3 180 644
5 63 644
136 276 644
81 0 302
148 0 283
19 0 231
61 0 612
59 6 644
7 23 644
45 93 465
84 0 239
98 0 282
44 711
1 16 642
22 190 711
2 138 711
23 0 546
43 63 711
16 0 530
14 201 711
54 136 711
46 0 670
62 212 711
47 0 666
27 160 711
34 139 711
17 140 711
21 0 638
15 288 711
57 0 463
4 0 681
60 0 416
42 41 347
8 0 401
28 80 711
6 0 243
20 311 509
39 231 495
30 0 638
53 22 711
13 49 625
19 0 201
56 89 711
45 436 630
12 186 711
24 136 711
33 0 593
51 0 366
0 375 711
44 237 711
37 0 625
29 0 615
9 402 561
26 0 687
5 0 687
49 0 665
7 0 556
50 95662
100000 0 93203
15939 39408 95662
78233 21417 59680
22573 46808 95662
95680 3718 95662
78760 6616 95662
21630 0 77763
42744 1685 95662
10371 42696 95662
6369 1349 95662
89185 0 75805
91209 34392 95662
76695 3382 95662
54379 0 63756
42216 39621 82781
82123 0 43177
50210 0 95592
63650 36896 95662
40199 0 55491
5220 0 74153
75650 1166 95662
8907 0 64871
91418 0 64500
3037 0 78739
75613 19193 95662
75828 0 90529
530 0 77094
74088 38946 95662
29122 0 56589
90981 0 69076
89895 829 95662
6093 21209 95662
25741 0 36098
18447 0 61571
16632 0 46451
52633 21435 95662
67699 12822 95662
98371 0 58226
51423 57171 95662
95708 0 94894
37474 0 85265
60686 4109 82359
85003 26420 95662
78263 0 92050
42384 0 55804
1308 44365 95662
51979 9998 95662
90596 0 83376
81879 0 77547
84959 33586 82011
45 268
19 0 217
24 0 181
26 11 112
56 72 268
12 29 268
10 0 117
5 79 171
33 0 104
27 0 252
58 0 107
20 0 120
66 116 261
22 17 268
65 0 249
66 0 67
1 0 200
14 0 231
70 44 112
62 75 268
45 83 189
50 40 268
39 0 268
58 149 268
4 0 191
2 66 241
63 30 243
72 0 265
13 0 254
52 0 195
30 38 112
36 146 234
46 58 268
75 0 205
9 39 268
68 191 268
17 139 246
43 0 115
7 0 236
18 0 131
74 132 268
44 0 215
49 0 257
31 0 211
35 0 155
73 98 181
38 708
30 0 525
10 25 708
54 203 586
27 158 708
15 0 626
13 0 522
49 0 534
47 365 708
9 114 708
34 268 654
11 0 621
51 0 658
14 0 575
33 441 708
36 301 708
16 0 654
24 0 480
39 159 708
44 0 603
20 0 270
50 17 708
19 0 662
26 290 708
21 253 708
17 76 708
48 0 707
2 272 708
40 304 492
6 0 434
7 52 708
42 275 708
5 0 226
38 0 576
52 0 570
22 56 708
43 177 445
4 11 437
0 0 332
40 131
57 10 131
66 23 79
86 16 131
4 29 131
1 43 123
93 67 131
36 30 62
74 5 131
83 1 131
52 0 84
9 0 111
5 0 59
31 62 131
38 77 119
24 20 131
6 9 131
64 5 131
59 15 131
19 7 131
41 1 131
3 0 112
92 0 115
87 0 77
42 15 52
67 0 107
46 0 129
14 0 47
49 0 106
76 0 116
25 0 114
48 0 85
60 8 131
45 0 106
80 0 50
65 0 68
68 0 115
37 0 122
82 83 131
32 0 87
11 8 131
43 840
105 368 840
13 476 840
53 186 840
41 0 717
5 0 639
75 0 312
85 404 840
80 419 719
46 221 840
96 151 650
30 0 540
34 192 840
22 243 840
89 16 840
10 0 299
95 0 660
67 560 840
20 2 577
31 0 544
25 0 467
15 150 840
70 0 820
1 0 656
61 140 840
78 465 840
6 0 761
69 0 473
17 367 678
27 274 840
23 0 189
9 241 840
30 612 840
83 0 778
86 0 729
29 0 735
77 491 840
2 376 840
52 67 840
45 289 840
37 0 402
12 384 840
74 81 840
91 0 491
7 30
10 0 10
20 0 10
5 8 21
15 7 20
25 9 22
10 20 30
20 20 30
25 633
27 0 595
18 0 425
41 309 633
58 412 633
60 31 500
9 145 291
22 272 633
24 159 633
46 109 633
7 0 366
3 0 357
16 150 633
1 0 434
53 343 633
30 270 633
20 0 519
62 119 633
17 82 633
49 0 486
57 0 423
8 268 633
4 478 633
5 239 633
28 0 497
66 0 585
22 87
60 12 53
95 60 85
32 23 71
71 13 87
44 39 77
25 40 87
85 17 87
50 16 87
55 0 40
31 0 71
64 20 87
22 8 67
94 50 77
5 24 63
46 0 63
66 28 45
49 14 87
90 5 87
4 36 87
95 0 43
61 0 58
78 0 83
3 33
36 0 30
16 0 30
14 0 23
39 773
88 0 510
68 0 528
60 76 773
18 0 765
70 0 758
69 177 773
93 0 375
53 158 358
10 0 676
46 0 681
57 0 631
15 0 657
73 228 773
1 0 768
34 48 773
38 150 773
66 0 628
55 38 773
11 29 773
30 0 598
90 150 773
61 0 349
78 0 695
35 0 627
45 0 286
84 177 773
25 100 773
63 281 479
52 0 630
94 110 773
87 315 681
92 119 773
81 180 773
19 111 773
36 0 655
95 0 662
9 0 462
48 92 773
72 0 655
45 611
60 42 611
84 0 531
64 4 611
52 43 611
15 0 473
92 122 611
95 244 579
77 110 611
82 215 611
49 29 345
65 34 611
69 0 322
12 186 611
27 0 414
113 0 410
19 234 611
54 0 515
76 0 579
2 0 403
72 0 411
97 34 365
51 0 474
116 0 584
8 0 600
56 180 472
36 419 611
53 89 392
101 0 582
83 0 602
85 0 571
5 40 611
106 58 611
10 156 611
11 170 611
115 59 611
62 281 611
61 135 293
90 0 425
9 136 272
6 0 486
42 0 468
29 242 611
1 155 611
66 357 611
18 0 329
42 492
57 139 492
36 93 393
0 134 380
81 187 287
34 0 203
69 21 492
121 0 330
125 82 492
75 89 492
15 110 492
96 0 457
44 193 435
46 184 492
117 0 412
102 0 326
38 0 455
23 0 301
51 0 395
99 86 453
4 121 323
66 143 492
63 347 475
59 34 300
42 200 492
18 0 365
10 3 492
63 0 262
58 0 357
64 164 492
12 213 492
103 0 467
50 0 390
95 148 492
107 44 492
16 0 244
82 0 421
72 142 492
20 30 492
104 306 407
3 0 350
53 0 396
78 147 492
36 471
63 51 239
39 129 471
112 61 415
5 0 299
93 0 363
54 19 471
24 121 471
26 0 470
85 0 355
47 77 369
106 28 471
67 246 471
78 0 305
66 0 447
58 0 339
36 67 471
31 162 471
100 26 471
107 0 343
27 0 342
38 365 468
50 0 216
83 183 471
108 0 165
7 0 439
18 0 353
43 263 471
12 65 471
48 216 471
21 186 307
71 79 312
14 154 471
29 212 321
17 120 439
87 0 313
108 282 471
6 815
27 329 815
61 186 815
28 0 815
4 0 537
8 0 462
58 188 595
23 206
62 19 206
43 65 205
6 0 175
69 0 172
1 0 161
72 133 189
33 93 206
35 38 206
29 29 206
34 98 206
70 58 206
57 82 206
75 0 193
46 3 206
82 37 206
4 0 198
60 0 172
83 0 176
80 0 57
59 0 79
42 62 205
85 11 206
30 71 188
11 15
2 1 7
2 9 15
3 0 4
5 7 13
7 0 8
8 3 6
8 8 15
10 2 9
11 8 13
14 6 15
16 0 6
6 435
32 0 245
24 42 435
12 250 435
30 215 435
26 0 376
2 0 269
50 97756
100000 0 54175
19016 0 67626
78315 0 62848
4726 22222 94058
55400 0 59289
10639 55205 97756
4706 0 86529
32779 51166 97756
44558 0 43229
41952 26065 97756
71041 11622 97756
58382 0 97756
44365 9426 97756
45891 27462 97756
97623 0 49691
38914 19504 66727
28665 0 66699
32282 3988 97756
74957 0 91015
17799 0 97533
20760 0 69981
76378 0 78622
61602 0 54554
59706 0 67166
33016 0 70498
12112 0 75739
98696 0 84523
81202 0 62077
10310 0 76293
125 29080 97756
89181 12379 74389
32465 0 65516
71989 0 68472
52686 8757 45106
86427 0 96367
61301 0 78921
55510 19162 97756
99642 30056 97756
55546 24606 97756
89194 1977 55850
35503 0 75944
49800 0 72812
3671 0 43671
16797 59421 97756
44087 11308 97756
20754 0 53477
72359 0 60072
33546 29635 80484
4422 64667 97756
19561 7449 97756
21 471
8 0 356
0 0 394
1 12 471
10 7 471
6 0 325
7 81 471
12 45 471
34 1 471
41 118 471
40 105 471
32 0 394
27 58 471
19 0 314
18 0 319
17 0 392
2 24 471
42 88 248
43 40 471
44 308 471
23 0 440
44 0 212
27 584
94 105 584
106 0 519
84 189 584
29 0 479
60 150 584
51 273 584
33 160 584
95 0 436
123 0 383
18 0 384
8 0 351
21 84 584
115 144 338
113 25 584
48 0 389
27 123 584
78 28 584
49 0 495
44 168 476
100 264 390
108 0 232
41 0 479
0 238 360
53 158 584
26 102 584
5 49 584
80 271 487
22 963
0 72 541
98 77 624
15 204 963
95 62 722
82 341 963
3 430 963
101 632 842
21 0 951
53 420 740
1 135 963
74 244 963
27 0 609
17 0 342
10 305 809
99 479 824
61 0 688
49 0 490
85 0 819
56 0 792
58 0 587
13 2 963
38 0 453
50 99837
100000 0 95815
93913 0 66977
2104 17849 99837
48320 49218 99837
7304 0 80739
43258 16624 61903
72280 0 70319
71766 59713 99837
57014 0 46914
78458 8080 99837
58255 15169 62119
82680 0 60629
82281 0 88526
83391 0 67590
15494 25510 51765
43151 0 79307
41441 0 89911
92180 0 75850
75545 0 76272
86796 34804 87458
16858 0 77438
58711 62767 99837
8106 40721 99837
69693 43016 99837
98413 53867 99837
91880 74245 95247
61423 0 48298
43982 46526 69398
6568 0 78679
87471 69091 99837
92154 45282 99837
22638 0 55238
35028 0 47487
53516 29177 99837
2037 46741 99837
63782 0 75575
55030 0 94078
26792 0 63517
69823 16452 99837
75893 0 88108
12290 0 99360
41477 11793 99837
95930 46512 99837
15996 0 76999
22406 21739 99837
67211 0 35852
68589 5451 99837
2600 42828 99837
85115 0 58234
21559 32038 99837
39 426
35 207 351
21 0 257
23 0 379
16 0 359
17 90 426
54 231 364
11 132 426
49 168 426
34 0 376
13 0 175
47 55 426
25 335 426
53 103 342
29 37 312
7 164 426
12 74 426
45 15 426
3 0 243
41 0 385
48 194 426
39 0 386
22 96 426
37 95 297
8 30 426
43 116 426
20 0 362
44 85 426
50 0 410
10 238 426
28 0 425
38 202 426
40 0 342
0 0 313
52 121 426
36 80 426
4 121 426
24 6 426
51 263 426
19 130 426
30 383
122 128 383
5 8 383
112 0 367
49 11 383
32 223 383
108 0 260
8 202 314
89 0 244
61 0 188
78 0 129
0 0 264
80 22 383
15 103 383
123 0 378
52 122 383
107 20 383
113 0 227
72 36 383
83 92 336
1 85 383
85 0 348
77 9 209
59 0 378
127 0 218
7 0 366
50 181 274
64 130 383
75 0 304
38 0 332
46 54 383
8 71
14 6 71
40 0 66
38 8 49
64 33 71
23 12 71
42 23 71
26 18 64
10 13 71
46 531
72 157 531
57 288 531
12 282 531
30 0 456
64 370 528
15 262 531
56 60 256
40 0 446
46 152 525
41 124 531
33 0 529
70 12 531
38 184 531
37 97 531
24 417 531
26 0 311
71 0 494
81 29 531
9 137 531
52 0 486
74 195 531
78 11 531
13 273 475
36 0 421
61 58 531
22 0 394
19 130 531
73 0 505
2 0 526
39 0 245
50 8 531
42 39 233
63 0 406
47 302 485
49 275 531
67 0 441
23 0 379
68 0 220
20 0 470
34 278 531
54 0 470
4 0 469
28 0 492
79 0 440
35 0 461
3 0 490
37 605
63 0 566
21 0 528
58 201 525
109 29 605
60 131 605
87 4 605
15 212 461
20 0 506
45 0 481
84 0 499
122 177 575
114 0 317
7 0 397
22 246 605
73 372 605
55 0 496
83 257 605
67 30 605
78 0 411
30 157 605
16 115 605
65 0 466
38 281 605
17 393 605
31 0 315
41 3 161
111 4 605
25 22 317
116 0 573
42 103 480
19 0 593
17 0 233
52 0 422
94 118 463
14 67 242
0 47 605
33 89 605
45 445
40 109 418
55 0 349
45 0 173
24 211 445
49 41 445
47 86 445
51 286 405
66 0 386
54 244 445
9 0 207
14 0 162
39 29 445
61 0 187
37 279 401
36 0 389
28 218 366
56 0 403
17 50 445
44 37 445
8 2 402
31 253 445
68 249 424
15 6 283
20 134 445
5 195 445
42 282 445
26 0 299
13 174 445
2 0 373
46 0 285
21 26 445
6 0 172
4 59 445
38 82 300
70 151 295
41 48 445
43 59 435
7 24 445
62 155 445
0 0 229
3 0 264
16 0 427
53 78 445
64 0 236
30 154 445
11 737
65 446 737
56 362 737
101 0 596
83 0 667
72 0 198
100 0 718
108 0 735
35 372 737
1 249 737
84 183 555
97 0 499
25 259
56 0 104
82 68 137
48 0 242
89 84 259
42 0 135
101 17 259
40 64 217
49 32 259
79 0 248
10 2 195
90 0 177
33 11 259
80 42 259
28 31 191
92 74 159
62 68 259
14 121 259
29 0 207
21 0 164
11 0 163
98 47 259
59 15 259
65 43 259
30 77 259
56 198 259
28 349
12 132 349
7 193 349
1 0 323
36 0 344
15 0 196
39 9 349
7 0 181
4 200 349
20 0 311
35 0 174
19 0 233
27 47 349
42 7 349
2 107 349
34 30 349
9 101 349
17 0 348
3 66 349
26 69 349
18 0 296
29 98 326
21 50 349
43 15 349
23 184 344
8 89 205
28 35 152
31 83 262
0 0 214
50 100000
0 1 100000
1 0 99999
2 1 100000
3 0 99999
4 1 100000
5 0 99999
6 1 100000
7 0 99999
8 1 100000
9 0 99999
10 1 100000
11 0 99999
12 1 100000
13 0 99999
14 1 100000
15 0 99999
16 1 100000
17 0 99999
18 1 100000
19 0 99999
20 1 100000
21 0 99999
22 1 100000
23 0 99999
24 1 100000
25 0 99999
26 1 100000
27 0 99999
28 1 100000
29 0 99999
30 1 100000
31 0 99999
32 1 100000
33 0 99999
34 1 100000
35 0 99999
36 1 100000
37 0 99999
38 1 100000
39 0 99999
40 1 100000
41 0 99999
42 1 100000
43 0 99999
44 1 100000
45 0 99999
46 1 100000
47 0 99999
48 1 100000
49 0 99999
4 14
34 5 13
17 0 8
41 4 9
8 6 14
8 780
79 468 780
53 0 753
60 0 283
64 233 632
47 191 780
85 0 675
17 496 780
34 0 734
37 525
59 29 525
92 45 314
2 87 381
5 168 525
27 0 372
44 0 423
81 76 181
104 148 372
66 100 525
120 208 525
115 0 516
65 152 525
81 233 457
1 52 525
42 0 312
88 0 131
140 0 525
60 14 525
99 0 411
77 0 338
21 350 525
114 231 525
28 0 491
110 41 263
94 0 281
97 253 361
36 201 525
0 150 525
100 280 525
108 221 525
70 0 231
143 93 525
119 0 260
62 42 525
90 355 476
38 15 525
135 0 452
10 753
21 0 714
61 0 526
23 0 221
62 0 624
49 159 725
40 0 487
13 138 753
25 238 452
19 364 753
33 0 746
4 324
82 52 319
48 93 179
11 0 223
71 160 270
19 547
100 188 547
41 57 547
45 110 547
95 0 206
110 13 547
96 82 547
61 193 485
31 0 410
71 141 467
73 0 365
98 250 547
4 0 476
17 216 547
99 117 446
42 0 333
28 0 457
63 0 372
89 292 547
2 67 323
14 853
12 71 598
1 232 853
34 332 607
26 0 672
50 100 853
38 0 613
29 35 853
46 222 853
33 0 756
37 232 853
13 0 398
17 22 636
10 0 472
28 0 702
34 266
37 20 188
43 0 171
26 158 251
31 82 266
36 70 183
47 0 264
0 0 63
49 0 91
50 38 232
10 58 266
3 33 266
46 55 266
19 30 266
20 0 146
42 27 266
7 85 266
17 103 266
52 79 266
14 0 135
35 0 255
32 0 263
12 0 254
6 160 247
1 0 258
16 39 266
53 80 266
5 0 231
2 45 150
25 34 266
8 52 266
44 0 224
27 73 266
21 34 266
23 24 266
50 96584
100000 0 94697
73849 14298 96584
93796 24441 96584
13460 24999 96584
10767 56877 96584
92069 44057 96584
75407 62653 96584
96263 10526 96584
3620 9617 74034
59437 0 63032
64203 40718 96283
17953 0 52219
35414 0 67173
59734 10674 96584
78977 0 37380
16388 4097 96584
10495 0 84305
34264 0 42586
53344 0 78592
46596 0 76741
767 0 82734
76046 0 92700
69677 57469 96584
71407 0 78091
66144 0 80435
48261 34023 96584
96994 3717 71988
28809 0 63831
14149 0 96584
97692 0 94155
12011 31215 96584
99283 21773 96584
30636 0 83267
69214 0 72741
9147 0 67523
58603 38955 96584
20284 38889 94358
58663 13951 65504
97228 0 42290
31577 44555 96584
65257 18384 96584
7620 0 78381
62421 0 57178
47356 35657 96584
5542 0 88859
1532 23726 96584
58719 4324 96584
12941 0 83068
48258 0 93141
73165 44971 96584
50 99629
100000 33578 99629
93968 58008 99629
7777 61870 99629
63063 0 97400
49423 0 88597
62415 0 75824
10072 0 56236
62713 0 24174
85176 0 67480
6616 18900 99629
76738 0 51095
57889 26965 99629
38741 20514 99629
70183 81 55049
10602 15490 83959
57447 5268 34357
54944 44803 99629
4636 8185 60844
64296 13420 99629
44812 0 94407
77498 10027 99629
67244 21994 79214
1358 0 37130
27065 0 58248
9235 0 97386
34017 30123 99629
56623 16271 93391
37431 29027 99629
80162 0 63839
24606 0 65291
82671 12616 99629
97632 10606 99629
44487 7651 85687
16618 0 53003
93589 50440 99629
9665 63272 99629
59069 0 90143
54268 0 48718
55186 16785 99629
42975 11523 99629
29368 65377 99629
9458 37811 99629
80076 28844 63130
40271 0 55631
56686 45484 86363
43977 0 65067
4344 35718 89107
28882 0 51635
15018 4056 99629
30523 0 58753
43 922
58 38 502
0 93 922
108 117 922
34 0 854
28 387 922
89 71 922
125 0 609
30 40 472
74 0 922
36 0 345
33 154 922
52 338 922
118 85 778
12 0 356
121 329 922
135 279 922
131 421 635
92 0 435
60 0 670
96 0 689
103 235 922
116 0 607
55 123 922
27 464 922
39 408 922
76 150 898
24 238 922
17 252 922
31 415 922
87 0 807
3 457 721
6 0 654
2 0 539
134 13 200
128 0 425
18 0 820
51 0 892
45 619 826
57 0 421
62 311 530
98 14 922
115 0 680
67 411 922
36 131
108 19 131
39 33 131
107 0 61
79 93 131
116 0 99
53 0 128
31 58 90
89 52 131
41 0 114
112 0 126
72 0 100
48 33 131
37 16 131
120 80 131
82 0 100
56 37 131
44 0 118
1 0 104
33 27 70
66 0 116
20 0 76
46 35 74
6 20 74
17 69 131
15 55 131
86 11 131
47 87 121
60 3 131
29 8 131
22 2 32
99 2 131
12 0 106
13 0 128
121 27 62
10 72 131
94 0 83
5 779
46 0 715
23 0 445
92 20 779
9 0 438
55 0 589
45 321
33 3 321
53 0 214
32 89 321
71 188 300
8 3 221
13 184 321
60 0 259
7 0 142
12 74 308
20 26 291
28 117 321
30 0 222
21 34 321
50 0 105
47 0 194
10 59 321
51 108 321
85 66 321
44 167 321
27 71 214
81 46 321
62 87 321
35 67 321
18 118 321
19 165 321
66 0 255
26 0 113
29 0 198
24 0 251
0 4 181
63 0 292
3 0 311
69 0 147
72 0 214
88 98 321
36 0 182
57 41 321
2 0 147
4 41 321
19 43 148
87 55 160
43 0 321
65 83 321
45 0 232
76 0 179
20 680
28 0 552
110 352 586
117 301 680
67 2 680
127 26 680
111 123 560
101 321 680
118 17 339
108 57 477
102 0 486
106 160 680
16 0 391
37 0 668
79 71 680
7 156 680
14 352 680
22 161 665
68 40 680
4 80 680
36 0 519
32 381
30 40 260
99 58 381
82 193 381
33 0 296
102 0 287
65 100 381
24 0 271
107 0 362
71 152 381
36 129 381
76 70 381
87 273 381
96 0 347
17 0 304
41 0 295
8 0 153
28 9 381
92 154 381
11 55 381
77 80 345
61 68 381
51 266 362
37 0 159
94 150 381
39 0 136
35 25 381
2 64 381
42 67 381
54 114 381
68 25 381
53 235 327
14 0 341
34 513
12 42 513
72 252 513
70 194 513
44 0 364
9 118 395
90 0 286
63 0 363
27 0 401
52 7 513
3 0 272
76 0 241
36 0 456
6 3 513
57 306 513
64 0 399
55 0 369
45 48 393
58 0 361
31 130 513
59 0 277
16 230 449
75 137 513
39 31 201
28 21 425
23 0 334
42 0 492
88 0 498
11 0 216
47 0 419
22 0 261
86 0 362
2 71 513
49 0 488
7 223 401
19 65
63 11 65
3 1 65
46 7 65
37 33 57
24 0 62
27 0 51
80 2 65
35 13 46
30 0 59
58 0 60
70 2 62
13 4 26
68 0 60
25 1 45
73 0 42
31 1 65
19 44 65
2 0 24
56 0 48
1 1
1 0 1
2 100
1 0 49
1 50 100
41 223
23 0 178
142 9 67
100 0 182
14 133 223
17 165 223
132 0 133
114 55 223
72 34 208
33 0 156
22 66 223
66 0 169
84 3 61
92 127 223
121 0 144
3 0 121
130 50 223
133 0 166
56 47 214
98 25 223
111 103 223
21 52 205
12 37 223
0 0 82
27 80 131
128 0 215
124 21 223
40 0 212
131 106 223
39 95 223
106 138 223
61 0 127
45 0 217
104 155 217
111 0 94
75 9 181
60 0 185
99 128 223
123 56 223
82 0 145
24 0 208
19 0 134
1 566
27 248 389
39 644
7 340 615
31 0 581
56 225 644
81 0 414
59 51 456
26 243 644
63 17 644
47 118 644
80 47 390
50 0 574
61 291 644
93 12 644
49 114 644
57 79 248
78 55 644
12 0 584
44 199 644
25 0 597
67 183 644
20 0 571
37 164 644
55 126 409
28 81 644
22 131 348
16 116 644
48 0 438
32 0 479
39 327 597
39 87 271
18 0 469
2 287 644
69 119 644
72 197 644
84 0 511
74 0 456
76 239 543
52 0 513
1 0 563
87 0 468
26 270
28 0 267
30 47 159
92 63 270
23 22 270
14 0 211
17 96 270
29 0 186
38 47 270
25 0 138
36 58 270
74 0 270
119 102 270
93 39 145
104 67 270
67 110 270
11 24 270
5 0 262
98 44 270
6 125 255
65 0 213
123 0 170
21 154 270
91 72 270
44 0 151
129 0 239
95 0 91
50 99202
100000 0 96169
53116 50488 74909
23357 18780 99202
93787 9103 99202
77257 34264 95152
53650 55301 99202
2000 0 68636
6898 73147 99131
12900 0 33902
12858 32036 99202
65546 45191 99202
77980 0 95882
41097 0 73031
48945 0 71642
66955 51038 99202
50071 16696 99202
10494 61371 99202
67434 27037 99202
38739 0 90799
19152 16484 99202
27051 0 79043
10760 24800 99202
79707 0 58702
98486 0 60459
82801 0 84683
4012 25667 99202
19910 15157 99202
30982 0 39906
38436 29222 99202
31404 67062 97488
60985 6555 34890
35033 5793 99202
22290 0 84025
60104 36758 57780
69717 0 88052
81327 17662 42294
10245 0 56466
36295 0 76587
53402 13361 39744
8640 12064 92188
72535 17499 99202
72847 38181 90175
10876 31436 85085
93953 0 48837
89083 5610 37974
41329 11393 99202
6862 0 80494
28833 0 80754
40353 4486 93115
87949 6530 99202
3 792
34 14 415
29 291 696
24 0 683
2 218
0 0 170
27 0 207
5 208
11 19 161
26 0 206
22 0 208
21 0 196
19 13 208
22 407
5 23 407
45 122 407
38 0 186
37 196 407
53 0 351
30 10 407
24 136 407
71 5 407
4 0 327
43 31 317
88 214 407
12 85 194
85 0 295
25 40 407
34 0 376
77 0 269
10 0 266
69 0 377
72 0 306
48 237 407
22 0 407
32 23 282
46 610
115 17 610
99 34 610
101 364 599
46 0 244
114 37 610
54 326 610
50 0 430
9 173 610
8 0 421
89 195 526
79 6 610
78 0 203
97 0 527
2 0 545
14 0 599
64 441 610
28 67 610
20 285 610
7 353 610
19 83 610
109 69 590
95 80 610
49 0 522
72 48 438
16 109 610
37 6 610
43 0 566
84 54 610
83 227 610
34 21 610
35 32 610
92 0 397
71 45 610
13 0 350
59 37 610
82 270 610
53 53 610
5 300 609
85 149 610
102 0 524
105 199 610
93 0 493
70 47 610
45 0 599
41 3 610
42 0 519
22 394
3 0 394
26 0 268
79 0 188
64 0 281
66 0 293
82 0 292
19 0 304
8 14 261
77 0 229
68 0 130
37 0 324
55 0 293
74 100 385
88 0 240
43 190 394
34 171 336
14 8 158
9 34 394
1 0 329
87 13 394
17 0 341
61 44 394
8 499
12 14 499
19 202 499
7 228 499
2 75 499
20 0 176
5 298 499
16 362 499
6 14 499
50 100000
100000 25697 100000
96114 0 75919
55020 45840 100000
12712 30014 100000
8973 0 62582
36320 6906 56362
66239 36919 100000
98030 50788 100000
36614 0 56722
6471 46773 91136
97823 59309 100000
38506 0 72487
69706 0 97253
75371 46851 99114
71451 21863 100000
41964 21457 100000
82415 0 99442
83585 0 73981
55014 0 100000
8483 54911 82330
62819 18776 38932
92868 28387 100000
41311 0 65188
83336 15898 56458
2864 0 55258
75766 0 77956
40160 1301 100000
46238 16980 100000
75249 51257 100000
7754 22034 55502
19835 0 91045
6406 0 93733
94401 37861 100000
10218 0 50747
25496 0 59498
49929 52410 82083
88840 419 26105
47287 0 97402
34402 48022 81453
95982 0 38149
94061 4309 74476
91984 23971 70310
21500 0 80809
59436 0 57030
53720 0 40937
63724 23903 100000
44995 0 76747
16687 0 65194
59953 0 83332
16243 8047 60955
50 98284
100000 5458 98284
64300 20582 98284
68536 0 71714
77429 38856 89272
98653 37320 98284
65306 0 87157
3805 0 52238
72459 0 58299
78865 0 86428
39435 16623 54774
11897 33115 98284
34572 0 23141
32250 62365 98284
10260 21091 98284
84169 36211 98284
25176 0 74258
39473 3334 86649
7089 23866 98284
55172 60001 98284
50531 32090 98284
99168 0 59733
51628 18641 98284
7660 0 93802
7183 0 82741
79718 14069 98284
25543 0 57058
23496 0 86069
17746 13062 98284
2110 5704 98284
46688 0 97748
76153 54340 77074
3376 2564 75286
98967 6405 98284
23138 7291 98284
24567 31205 98284
89293 46514 98284
28988 0 59831
8648 0 94160
10362 0 76400
52343 9819 98284
95982 24608 70273
79937 0 94564
70490 9285 98284
80488 0 40632
40116 39687 96962
74238 14411 98284
20551 61517 88444
79861 4588 98284
1714 9369 98284
41989 16633 98284
36 410
21 0 375
41 111 410
58 35 410
60 0 235
68 0 369
30 47 177
46 0 282
11 23 410
40 0 229
27 68 384
45 245 410
39 0 396
10 0 267
54 0 403
65 0 379
35 35 410
42 0 388
55 159 308
3 0 407
5 191 410
9 0 217
49 203 410
70 0 400
19 5 410
16 0 321
67 146 405
18 0 303
0 0 293
7 124 410
62 2 410
50 143 410
59 0 148
17 0 408
48 12 410
37 0 137
31 49 265
2 445
86 0 124
49 0 322
5 752
84 0 426
23 0 381
2 332 554
41 96 752
62 374 752
9 414
100 283 414
4 79 383
67 74 414
37 0 307
80 66 414
63 80 291
89 0 409
77 73 414
12 0 390
40 356
89 0 169
84 106 356
76 60 152
47 63 356
70 0 143
77 5 356
32 0 98
36 193 265
35 35 223
11 0 278
13 0 304
6 48 356
30 119 356
3 194 356
73 146 244
50 0 325
60 0 253
54 0 254
39 225 356
37 109 356
55 18 109
27 237 356
22 95 356
5 151 239
51 0 317
90 59 356
79 0 200
52 0 172
88 0 293
43 96 313
18 19 356
0 0 309
34 0 202
28 62 356
49 16 356
44 0 118
75 0 188
21 0 345
4 0 100
19 37 356
15 461
86 0 403
37 0 329
45 94 461
103 0 227
62 211 461
65 0 383
5 119 451
56 0 458
85 56 461
108 235 461
38 39 269
39 0 357
114 0 384
8 27 430
21 305 419
16 241
16 49 235
39 0 208
51 23 223
1 186 241
50 123 241
53 75 241
28 0 127
54 31 241
40 0 208
26 153 214
56 0 145
6 114 171
17 48 241
9 97 200
25 9 241
13 0 120
25 614
3 497 552
3 133 298
12 395 522
9 112 493
11 567 614
0 364 401
4 105 386
2 0 449
4 73 80
4 475 505
6 275 423
1 20 380
10 29 180
0 41 352
8 56 157
6 0 70
11 284 317
7 247 385
10 212 614
8 422 469
12 0 337
8 504 557
1 399 598
3 424 459
0 452 486
6 400
64 0 346
45 83 400
40 0 281
31 168 400
48 213 312
63 9 232
45 66
47 20 36
28 27 66
22 9 41
81 0 47
37 0 48
8 0 47
9 0 29
10 36 66
24 0 61
49 0 51
67 0 36
15 0 54
74 27 66
50 26 66
38 0 36
54 0 42
29 22 66
17 0 28
32 5 52
31 6 66
41 40 64
27 0 65
80 10 66
25 0 61
55 1 66
72 21 35
16 23 66
65 0 55
62 0 43
23 8 52
58 0 31
57 0 51
7 10 52
60 1 31
76 0 39
3 19 56
77 26 66
45 21 66
61 1 66
42 21 54
56 12 66
76 47 66
4 0 63
30 0 51
6 0 53
14 799
18 0 424
22 100 435
8 0 389
36 0 451
9 278 799
26 425 799
23 5 201
16 0 742
47 178 799
11 88 799
21 384 799
43 0 697
15 49 799
7 0 575
29 958
26 179 958
21 22 958
16 142 958
56 0 948
29 214 958
40 183 714
9 162 459
42 165 958
17 252 958
15 0 774
43 0 869
9 483 958
3 346 958
52 54 958
41 346 958
23 272 958
60 166 958
48 7 958
20 0 800
62 262 958
27 0 384
55 0 873
0 542 838
12 252 958
47 0 526
59 145 958
31 93 958
38 210 958
7 0 395
50 875
79 0 821
99 142 875
101 0 592
109 0 590
11 182 875
76 0 785
61 101 875
21 200 875
68 415 875
77 0 554
104 0 621
92 107 519
72 99 875
89 0 681
63 164 875
106 26 391
32 0 732
41 126 875
86 349 703
94 0 623
84 0 634
23 588 839
25 0 270
103 0 535
55 531 875
43 0 667
51 0 493
40 220 809
26 0 653
75 46 826
17 493 859
42 158 670
14 69 875
5 0 748
96 97 875
93 0 871
65 0 861
24 36 875
62 0 801
44 199 875
73 0 703
9 0 648
27 121 875
49 0 875
60 0 713
98 0 694
30 232 875
102 638 875
4 309 875
88 491 875
2 218
45 37 218
7 10 218
50 96508
100000 32882 93677
59922 43895 78779
48315 0 91466
32175 0 89598
28528 11643 96508
15318 0 25499
55353 27219 96508
54992 2942 96508
13887 16222 54956
10634 2916 96508
2102 0 24532
67776 30369 60023
41676 42268 96508
60835 44598 96508
37004 70274 95720
61534 75305 94960
44984 10510 96508
58581 28259 96508
27753 6216 32533
9541 1784 21778
59786 0 45375
93771 48077 96508
44584 0 55645
36499 29389 96508
79449 71921 91624
80255 2579 96508
15361 67731 96508
9466 0 90017
74756 0 75314
38462 0 69152
98631 0 34467
15935 47795 89829
36500 0 86218
88905 0 67419
41475 6323 96508
90840 49406 96508
18687 0 87227
11938 0 67274
28684 49605 96508
4507 0 62901
76550 67291 96508
26974 0 85833
68073 20815 96508
19986 60220 96508
47414 0 63611
87381 50744 96508
66492 0 61969
33838 8120 96508
79373 18549 96508
41142 0 52462
6 687
28 478 687
60 227 687
10 0 626
77 247 687
64 0 407
19 62 687
15 577
99 0 190
80 0 378
60 0 264
40 115 577
55 0 423
91 4 289
30 45 275
2 225 544
7 0 518
34 0 386
10 277 478
83 302 577
69 0 532
96 279 577
11 140 577
18 402
77 74 402
71 0 262
66 0 99
104 0 220
24 81 402
97 49 189
84 0 168
25 0 339
41 0 329
79 17 402
64 0 106
101 299 402
35 0 325
9 290 402
57 0 195
105 159 402
46 94 213
56 14 402
48 439
94 55 439
17 0 400
79 0 289
23 212 395
6 130 439
19 0 250
77 91 439
13 0 311
18 0 330
26 159 439
76 7 439
20 41 439
39 48 439
48 0 330
1 0 178
12 0 379
30 172 439
89 145 344
51 0 404
67 32 439
45 79 439
68 0 429
46 0 439
91 0 403
0 59 439
4 0 191
16 0 326
2 102 439
43 267 439
92 99 439
95 243 439
54 0 303
5 0 353
70 40 369
22 0 408
62 0 337
83 0 196
80 0 408
33 42 416
19 298 439
15 47 242
35 0 341
37 199 439
11 79 439
52 234 355
66 0 97
96 89 439
58 66 439
27 82
1 24 82
3 0 79
24 0 63
20 41 77
25 35 82
0 0 28
11 22 82
18 0 69
21 2 82
10 4 82
4 25 82
9 0 41
37 44 82
2 48 82
27 7 82
34 21 37
14 7 82
32 0 67
12 19 82
30 0 51
28 20 82
6 30 82
19 4 49
15 28 82
16 28 79
23 0 77
26 40 82
10 730
4 296 730
9 70 730
49 0 587
87 79 425
65 0 291
27 0 534
101 0 661
41 0 498
11 14 730
54 0 328
28 435
60 0 374
17 0 314
0 122 435
9 172 435
70 156 435
14 107 265
73 0 424
18 19 435
15 0 434
2 193 435
45 3 435
74 0 358
67 0 363
6 75 435
72 152 426
10 0 422
31 30 435
71 239 435
37 133 435
38 24 435
7 24 435
26 0 278
39 151 435
8 108 435
36 292 435
23 141 435
30 0 290
63 0 308
42 427
1 0 309
39 135 427
11 0 328
44 0 288
6 0 412
16 13 427
47 0 284
15 0 357
25 124 427
3 39 427
42 268 368
5 0 342
26 69 262
27 0 320
7 0 252
13 207 388
8 283 427
41 0 240
52 300 427
32 86 427
19 201 415
43 0 377
29 0 395
7 259 427
33 14 394
36 94 427
0 0 359
2 26 353
30 0 380
23 1 399
21 111 427
9 136 427
49 95 427
35 0 402
38 116 232
48 0 302
17 47 401
20 202 427
12 193 427
45 307 427
46 0 344
34 0 174
3 9
33 0 6
66 0 9
99 3 9
50 96650
100000 69037 96650
25487 0 86237
39640 0 52868
29771 29890 96650
22707 8244 96650
30066 0 53533
55320 16053 96650
87888 0 88982
67877 0 87623
33157 52756 80956
61094 0 94840
94917 8695 86597
64098 13611 96650
35233 10140 96650
57021 0 84064
93234 29203 96650
75342 31997 96650
41840 0 86462
418 22082 96650
15681 41422 96650
29233 0 55240
42599 17018 96650
94142 29713 52961
80948 0 94101
50183 0 86687
18125 38871 96650
29812 31305 96595
95970 14654 96650
91047 0 93274
59496 35224 96650
52807 14419 72171
26683 6478 96650
2970 0 91157
50652 0 78889
11420 20710 96650
2463 0 73200
88708 0 76942
49448 1574 31434
22640 0 95838
48806 10854 96650
59667 32024 96650
69108 0 87094
26785 69041 95222
78582 0 43910
36803 0 87114
57888 0 86823
30038 28416 68768
65727 42994 96650
60454 0 58557
12124 11764 96650
22 937
27 0 803
122 18 937
90 0 725
101 123 635
113 186 937
97 104 791
57 716 928
22 122 601
2 170 937
8 0 605
100 0 501
91 0 472
109 25 924
9 340 937
62 41 641
99 0 653
37 93 937
52 0 545
64 68 937
35 89 937
29 338 937
68 0 480
44 567
53 428 567
47 169 567
77 32 567
45 33 226
17 0 491
43 112 567
80 0 431
74 215 486
40 0 341
9 327 567
62 47 567
13 0 300
32 346 567
66 46 531
4 171 567
81 308 567
26 29 567
3 63 567
54 203 567
29 0 498
73 211 567
6 106 567
70 0 199
78 0 488
71 113 424
21 359 567
23 86 309
24 0 406
68 0 522
72 332 567
33 0 411
20 34 567
59 316 560
0 0 505
25 0 567
69 0 401
65 261 567
11 366 567
50 1 567
41 98 567
18 107 476
5 0 326
70 229 567
7 20 567
35 988
17 11 988
45 69 779
55 151 988
18 0 611
76 115 988
89 73 582
26 11 988
80 0 689
11 198 988
65 106 905
7 0 415
77 0 713
34 173 988
40 0 396
31 0 653
60 42 988
94 266 681
29 21 988
24 104 368
3 374 988
25 409 708
22 248 536
71 0 601
13 0 842
85 0 811
57 56 988
70 0 683
4 397 988
28 0 842
72 0 773
74 296 988
37 140 988
5 55 988
30 297 988
36 0 556
23 582
42 51 582
54 205 582
38 0 312
7 143 509
19 0 227
29 0 543
49 278 582
15 46 582
17 42 582
9 0 367
55 219 582
11 383 538
47 232 582
53 0 512
50 38 582
12 0 518
56 52 582
6 0 568
16 152 274
41 219 559
44 168 582
22 220 582
37 255 582
25 194
28 0 89
59 0 75
12 0 160
39 62 194
101 95 194
11 0 178
17 36 163
40 0 187
46 0 190
61 135 190
43 0 149
88 0 103
67 0 132
96 50 194
19 0 169
57 0 169
81 0 187
32 0 145
51 63 194
76 0 95
41 11 194
5 7 110
83 3 194
86 0 84
78 0 191
11 315
42 121 267
29 0 232
31 96 165
40 131 293
19 0 276
39 96 315
0 0 315
47 32 250
45 209 315
36 0 249
18 0 167
11 269
73 0 230
32 124 269
45 0 170
3 0 232
26 107 269
14 5 269
55 44 188
87 0 96
33 0 269
1 76 269
9 0 181
41 90
50 5 70
68 13 90
102 17 90
53 0 60
10 12 76
60 0 66
21 7 90
7 0 65
72 3 90
30 46 90
34 0 60
59 31 90
38 0 86
121 0 50
118 35 79
81 30 64
71 0 68
25 0 73
65 48 90
107 0 53
66 2 90
13 0 51
119 48 71
31 12 90
39 60 90
92 0 90
9 9 90
63 14 90
22 0 86
64 0 82
80 0 86
69 0 31
110 37 90
5 9 90
61 19 51
17 43 90
32 12 90
12 19 61
35 28 71
117 0 53
1 0 26
29 197
79 0 99
18 45 197
49 0 150
60 69 144
36 30 197
17 23 110
93 0 163
42 83 197
23 0 151
69 22 68
74 0 132
1 98 197
33 137 197
40 3 106
70 0 163
61 0 177
0 60 135
89 0 110
28 27 197
78 0 186
72 0 197
99 117 197
3 137 197
76 27 197
5 0 178
9 0 105
43 0 103
15 0 128
35 10 197
38 559
47 0 500
16 20 254
48 0 555
9 172 559
52 0 532
111 0 559
58 248 394
98 59 559
95 21 312
64 35 559
17 0 272
15 204 352
13 360 559
39 0 508
54 44 559
59 88 559
14 0 454
116 260 467
22 0 401
68 80 559
76 0 547
43 0 418
82 22 559
44 232 559
118 171 559
85 52 559
65 78 519
20 68 250
87 0 303
18 0 551
91 31 559
92 11 460
102 113 559
21 81 559
133 367 559
50 408 559
101 297 559
34 0 332
1 1
0 0 1
4 424
23 0 230
60 38 424
18 185 322
57 77 265
3 276
20 85 276
41 0 265
5 0 219
10 29
7 0 25
26 8 29
2 7 29
15 12 29
25 8 29
13 0 28
18 20 25
8 21 29
14 11 16
31 14 29
37 730
47 0 295
54 35 583
20 0 651
28 72 730
58 284 546
19 83 730
56 65 438
77 30 730
3 0 709
74 56 730
4 0 519
42 187 444
69 0 653
51 108 730
67 305 621
18 347 730
29 244 467
25 305 633
72 65 431
31 126 343
68 98 730
70 220 533
87 0 617
65 0 730
45 0 620
91 172 336
66 0 677
46 358 605
50 280 730
33 0 273
92 0 723
9 0 671
53 0 533
24 0 342
81 470 730
36 0 407
39 0 324
26 990
55 154 668
16 284 770
92 51 990
125 0 443
50 0 909
47 372 990
25 0 328
83 234 990
118 320 671
113 0 300
43 430 990
61 0 917
114 285 778
65 234 681
45 96 637
115 0 830
18 0 683
81 0 489
127 703 923
28 0 598
101 0 663
19 106 990
53 0 529
75 581 897
110 0 768
82 0 536
11 866
52 0 805
3 65 866
28 61 866
19 0 849
29 0 276
16 585 818
13 0 493
58 63 866
26 401 676
38 0 400
36 0 720
2 543
0 272 479
57 0 368
27 907
28 0 586
65 34 907
49 225 907
29 0 857
9 270 907
74 237 907
36 599 907
0 167 907
33 499 907
52 0 670
71 6 907
22 58 907
20 431 907
11 41 907
4 379 907
39 9 907
62 199 403
27 278 907
55 607 907
72 366 733
2 0 539
41 223 907
38 0 851
50 371 700
76 0 685
19 0 702
10 0 845
42 924
44 0 370
30 234 924
10 351 924
12 348 924
36 91 554
101 0 814
14 0 431
75 215 924
43 0 814
120 180 924
41 64 924
85 13 924
106 4 924
21 607 924
26 0 515
97 306 924
42 0 562
50 116 924
127 350 668
54 324 924
137 0 598
102 298 924
40 0 474
64 0 883
94 320 924
98 16 782
88 0 853
19 175 924
48 0 901
33 230 924
123 188 380
21 217 407
118 354 924
18 129 924
70 0 493
66 0 417
108 220 924
53 0 393
82 331 924
117 194 924
15 0 421
71 0 835
23 201
12 24 94
93 3 201
84 34 201
4 0 188
40 0 187
3 25 201
24 0 166
95 0 194
6 39 201
75 0 60
104 85 201
101 0 158
34 0 192
80 0 195
79 138 201
0 0 131
7 119 201
102 64 194
11 0 101
57 93 201
9 6 201
73 0 134
77 20 201
31 632
24 122 632
31 173 454
38 0 268
18 55 231
9 26 325
7 104 409
48 24 632
37 0 630
18 395 632
41 0 562
33 52 632
20 0 331
15 195 522
26 152 562
5 0 624
16 0 575
12 0 537
11 0 409
47 310 632
4 36 469
1 277 632
44 396 543
6 0 614
46 162 632
0 0 494
28 0 574
22 0 464
13 0 625
17 305 632
30 256 632
27 30 632
20 774
6 106 774
54 0 597
41 449 733
82 0 304
105 65 774
36 0 612
31 349 774
57 0 443
94 0 316
108 0 330
58 34 774
12 180 774
9 9 774
74 14 774
80 114 774
13 68 337
70 55 774
104 500 774
76 261 774
5 0 592
47 456
58 0 362
45 0 210
16 0 192
54 124 432
32 301 456
3 0 298
9 246 456
42 0 200
26 0 449
61 170 417
39 2 142
35 231 456
34 120 456
47 207 456
12 0 336
17 125 456
23 11 456
59 0 449
21 11 456
37 123 456
27 98 456
20 0 456
0 0 380
24 7 456
64 0 307
51 21 253
6 229 456
10 0 242
50 233 456
39 171 428
5 79 456
40 0 427
62 0 356
55 114 317
53 34 456
1 125 456
48 0 307
28 0 243
56 0 222
4 0 277
14 179 456
49 148 341
13 0 327
29 14 456
30 0 141
31 101 456
36 193 354
39 610
96 0 171
72 149 315
125 428 610
26 0 539
106 0 544
65 160 610
92 0 591
24 0 329
66 0 528
124 1 610
67 46 610
41 0 549
97 0 425
137 0 597
75 0 338
129 146 459
77 0 540
6 0 568
107 24 610
53 0 575
85 295 610
127 0 461
99 52 610
133 125 468
103 0 543
83 0 490
22 104 610
94 216 610
1 129 610
113 0 312
78 0 531
12 0 543
4 0 233
37 310 610
108 0 475
125 0 418
47 369 610
63 199 444
4 234 610
