160
2 2 2
6 3 0 0 0 10
2 4 0 0 0 10
28320 21182 20795
49706667 186612786 683392499 929735854 172233219 196874445
314252867 854846993 789031900 466685250 535262117 861114859
5778 5499 1990
205537917 146311859 242440280 183452273 324946131 227537915
88513876 82396563 23989505 266706997 235407941 125873505
3784 2866 2082
96836916 361091860 60595952 333570583 25 927886357
104401593 618755238 1 0 1854 637374682
15128 8771 7202
330002657 56646371 36149256 609554334 86384023 593767517
174700795 268029258 147039651 81562556 230659427 789684460
17861 1754 16922
80846025 181471559 740702888 875407995 734427408 219135139
634012070 315095348 419624115 585213903 975329330 804403052
29485 8933 26571
259550685 293946812 108963675 571982142 712853715 439902689
70496975 493462403 360333937 115030870 313941325 513709049
10230 8603 3794
85619217 24787406 418883208 34300730 161617294 142803955
162489680 406785477 688195795 746989413 643442809 485810498
800000 799999 799999
1000000000 1000000000 1000000000 1000000000 999999999 1000000000
1000000000 999999999 0 1 999999998 1000000000
26272 20729 9978
169521428 231362201 1 0 2524 900721990
32816624 189427 499366286 206053745 473 38477111
206 144 159
15302445 264617416 957464853 886956675 618532142 279641795
327821113 40204556 888242308 222288212 742688849 763479230
23564 14669 10808
74694194 102050115 679717505 477349368 883449434 212221506
407326494 415158972 440900060 959849334 89235520 526397798
24390 15722 14625
636191702 131971486 0 1 4456 771349067
128410716 351689401 105865502 634828520 656 602628141
1731 975 966
164541053 48669939 863646515 264612480 630581163 396390046
43440433 43114551 606359238 152550113 299853711 117537324
19474 9169 17155
53414638 51869712 608305209 397343699 165067113 55251763
14423828 356643672 909001105 486818214 169213201 412429636
23141 0 23141
309410559 135393706 39347922 100426407 238036618 519553366
171361961 148333503 789272350 45114959 193207387 247290128
20730 9331 17604
96510524 157916775 1 0 848 202341728
34071227 133628737 505313067 34047372 843 134726276
3746 2239 2111
721921547 615069964 318192193 821130672 967 859222766
486815538 435835812 1 1 3507 500912470
10231 8438 5206
560823982 471971865 814783630 389177187 615272588 965721801
206325288 70298268 642884620 457331207 831682972 213714101
7883 5019 5020
55606623 60835451 579636234 158677862 777 220105851
113539568 123846929 1 1 2687 330745991
17868 13726 6557
131834839 18920960 289205227 876511184 585522752 156209315
506939789 545610130 495063736 294863833 523859009 654021723
25109 20792 21922
173713590 269134372 772819007 737037279 99384215 774242438
217640434 242189472 293520173 309142501 65816052 263739057
13006 9693 9494
78152985 30124770 23002660 415365356 813 176500116
102610171 48367030 1 1 1013 107705077
3877 3808 694
399910961 40448344 0 0 2352 436617940
143863788 192475743 882077840 851583102 675 201477223
784437 628691 684401
148193238 588813157 312409633 884765682 33106059 593553270
659218361 308858735 845206329 605953865 875916038 731695297
13745 9650 7411
59650074 117005489 0 1 528 143443288
7528512 4019506 520358898 971041233 509 8589432
13446 12127 7181
266783497 105607549 170283217 442568709 312 318047004
237055589 252730311 1 0 705 275143483
10 7 5
15 19 34 41 32 44
34 3 25 2 17 38
800000 545761 442924
6946039 8064687 377282474 864076631 573 23253900
510568753 318337515 1 1 892 828001045
7617 3424 6342
12144878 51426725 0 1 1271 123827439
391148007 455700014 190992748 988438906 429 677041695
12734 11345 7757
71110414 202868379 848883616 723140060 258 767129778
171449731 728708430 1 0 3218 857741826
22693 14915 9300
551558739 326958986 52120428 743833741 419930336 764933954
361957833 614892515 939978128 210072827 161049665 697536757
5752 5601 1613
113827682 95946637 1 1 437 707959067
85011834 117427843 834810813 53060580 75 134223151
800000 800000 800000
1000000000 1000000000 1000000000 1000000000 999999999 1000000000
1000000000 999999999 0 1 999999998 1000000000
753338 753338 0
4115141 5125285 1 1 530 7153005
720896454 752945696 98160895 951181407 286 772735769
22145 22145 0
126553479 224413714 309319659 9342952 620818181 812206856
38006320 531937630 257388698 719142580 610396510 598229740
2974 1042 2162
170056921 154735674 750810421 973340112 911601242 914714544
430545662 338829716 640373927 620538455 795759676 529028132
13496 9084 7390
654758877 810054398 65090089 974232972 138300231 855458730
223453041 141764336 66406319 745113814 667443605 411377451
18270 13456 10296
221043766 20580490 1 0 283 445462943
197634116 150424846 22125728 59227549 423 382730012
793013 567708 676571
833586602 67942369 296007508 818713880 941448407 880347119
281066941 478697334 649581301 145536287 855543507 666226818
2874 2729 2496
255038328 295563807 970941424 717084954 582839084 711487659
187393715 668169320 47683224 381443663 325464481 709082508
3861 1270 3242
734465 150124 1 1 4623 28759078
82572473 38045300 141750918 439343674 897 93087198
17459 17270 2850
350303931 402716216 355049195 356007787 976 863200408
582087581 350300978 1 1 2058 947533900
20911 6919 1679
652359040 717415335 542121775 502897808 649110784 741000591
365521240 510684986 226105806 394367886 412165175 784526726
23176 16706 10723
1851476 9641816 65746117 57962551 184 185050353
151290997 11866254 1 1 794 377140127
489 489 0
29067986 12600265 1 1 3441 33777495
211590677 433715700 648318154 364103323 294 727167954
26755 18889 23851
550525133 290335800 43923254 894959948 964595689 665952480
549443631 536606772 600700235 227926216 398299936 585259247
17289 16405 1838
116223640 102848238 560393095 939990518 648620795 366930907
702975636 537046131 717404924 247631628 439145151 735541737
25423 21734 16516
317342991 292878441 865377377 238445466 48 617457076
128453529 191885103 1 1 2884 730248553
17520 7671 13981
267366288 212375927 1 0 4585 511679017
269429552 63028460 554813308 535527816 913 687132079
1018 468 608
303767576 579756015 1 0 3712 669790885
252717388 91193421 683012497 878023112 17 268835359
6575 1334 5259
362423589 499900462 0 0 2831 558436311
64178631 655858316 607125961 359344862 22 764526869
26154 6075 21704
134028957 410788829 1 1 186 916209647
46530984 158444866 859256242 298269489 703 240833035
18955 18236 4865
22283066 214237111 335860064 88752811 701082761 292761513
785743096 695070623 377371706 983588909 947228864 872297812
22563 13864 14698
13252316 22052623 52972224 991619973 788054014 40371989
71788039 147844682 391420457 638053450 831171436 721219573
27170 25850 15320
141954202 831727297 323980237 4347699 200 835767623
108503939 51722951 0 1 4535 417575100
8564 2007 6647
84374080 496004764 328526522 37704061 285 763850138
37155842 219172754 1 1 1682 648780476
17571 9594 8991
4589410 19100509 584827526 85624605 241 19318578
884818713 751649279 1 1 3399 892260568
24709 20724 13414
806160182 42043002 978712602 652061031 225615128 866889904
536180671 375640676 800026346 281676365 640875961 711980478
20154 16059 18912
276026844 461628934 697250182 261703577 123 477976244
95886445 305531839 1 0 4696 390029399
3242 2005 1292
14089399 14748748 0 1 8346 25842230
160459101 56831098 0 1 18709 732449135
9986 0 9986
684437423 510865439 750228924 144487283 961472612 689696695
397235531 113698479 749229581 73663093 418466865 435914933
25360 7818 18594
181378554 222232531 818103681 451207674 598918486 980891869
636326215 757183140 949589880 906995300 332315509 767947663
11955 7965 5841
610982871 340341517 471427258 531494211 784813408 738087234
33717893 24159823 953633795 88351498 289468471 61310380
622 287 405
276582609 302373586 810161662 7797922 660 452075683
160264627 343555116 0 1 2154 615528095
28538 15417 20027
67345161 136023356 1 0 1633 176804499
8752145 19968586 772079000 770205660 183 56570833
794561 672917 173353
177644083 415444614 183357014 373922039 278170030 695552654
315328672 516892095 432257419 763120566 118423074 659986310
7757 6465 6107
57290485 369740386 359918008 570416434 544833921 414626883
21869289 38586911 778709675 981313481 453904971 168375609
13615 7938 7926
107634607 121985126 0 1 2071 129412111
24251622 79567112 281725006 997232211 52 90576625
796917 301858 586003
103333855 305581088 621862114 13761856 337405826 528982230
144082502 335283156 758526379 875102865 171899628 377135809
11478 6669 7762
363400099 154515903 541635335 645445885 537162564 964042840
553165507 521295610 782946411 253825002 421395001 620849775
7549 7165 5001
4215976 49465268 47552163 225132048 489 77093311
61860609 78426159 1 1 685 325322797
3811 1378 3445
487103803 105339012 796905411 551006721 915 873555544
321110380 320847598 1 1 4241 336140751
25354 23157 17864
269462794 226995386 972501276 785710482 979 340805420
77495 8584148 0 1 2115 30819491
26671 22876 21644
567673451 288437834 1 0 923 703848874
21216929 166064979 263909362 615406509 702 351898038
881 790 145
558761372 498063335 0 1 9358 614834411
28587852 12936014 0 1 22946 57812832
27520 18411 17027
84816555 209926804 991153794 849985240 495904108 393580023
660593460 122182844 220031853 360980053 117667261 732496081
21195 7674 15096
23960197 101761455 509186025 167047481 311 375282231
271137177 117195460 1 0 689 938808467
28164 22429 15709
241818520 192496648 717042010 287758164 994991791 466178064
698737704 342508878 680205876 733626941 642305530 963519984
3460 2960 1864
682236244 534676629 321174605 39673538 450 688394867
37403892 23091852 0 0 2455 43938676
23281 9870 22325
254930793 42194139 219353464 182053635 552231748 593813154
269106266 179155096 230610641 894526334 827283676 482953508
13553 12372 6297
25044012 8025576 1 0 1023 452548592
448356041 275276751 636505112 815930024 930 840683946
29862 5527 24397
153107806 334891340 163616402 667950094 585105507 338657353
68395681 243305141 161231104 302151609 890478249 463795625
7119 1872 5351
27169503 19033390 1 0 5799 32583754
22706377 105607405 1 0 9537 333793623
9709 9151 9685
26885012 153666949 938064726 290207731 616266936 207392044
5108117 21656571 217099171 175641844 21530848 27971906
17691 12841 6376
61767380 478236289 407875887 962669867 966 555601864
630303975 386416735 1 0 244 926261298
25481 24318 17024
75410669 67281062 1 0 945 78655909
633374199 600658018 131155167 862450053 715 941182781
2 1 1
1000000000 999999999 1000000000 1000000000 1000000000 1000000000
1000000000 1000000000 1000000000 1000000000 1000000000 1000000000
13799 8837 9336
787096370 228047091 946102366 60194452 152193760 828973807
46842354 6037420 287150982 767346777 36444038 191367474
800000 273065 706848
155094575 120082035 1 0 1853 855965475
502487409 634690547 89327194 206404979 932 731642872
21520 8426 21463
334933289 79806034 0 1 26 473075208
54735173 127298938 434014576 410042554 308 707022225
772775 734810 126440
287403847 358711844 971899538 663510657 750 726655149
124622267 468974619 1 0 4820 999761062
13043 11479 3418
103283559 553425557 127031741 700616997 874575120 694304292
544293746 56367641 491454614 516271728 664949412 762073460
12631 6936 5845
286964973 607579657 0 1 888 865975181
382484679 387042985 404376942 119106846 434 497852028
2974 2951 1491
236823464 51889017 1 0 4240 286633226
315336851 82657807 119783729 944112455 649 326803529
7760 4619 5596
127355883 576950329 872208011 201532492 266245580 990485024
734449047 821834243 628422554 474659341 177238855 874112923
7835 287 1629
409362511 595207609 637385616 962298133 468711442 631245019
58317484 64290755 416803687 820934162 266330218 70065872
4589 4175 4589
236836534 355654179 1 1 163 902133926
238145552 338685845 295578406 443447747 50 735627764
23384 13451 22521
112235722 205689383 230173871 961754092 730 254878851
834475988 115903688 0 1 4098 965326565
3791 3707 1282
49504421 168027542 50136182 347938313 696 194152767
117656672 228480542 1 1 1419 421943195
14623 14623 0
36815933 26414599 0 1 4797 42932551
708005776 111748361 147965364 467847279 691 736435328
26345 19597 19689
74514131 189027156 284708991 908471343 138 237973453
10943584 13575438 1 1 2530 25506028
2 0 1
6 3 0 0 0 10
2 4 0 0 0 10
19843 5346 18288
101650752 81316753 440960776 173772294 751486357 536101607
273642505 217714512 239948805 397885418 693847343 645379298
18906 9712 14257
92690263 18581999 676503882 403046469 800265555 354056222
379511576 127180424 717101025 11269054 627671389 391866588
10000 6011 4543
434894347 263348046 2565 3970 1267 622277910
524251054 294718567 0 1 3718 689139248
15827 6034 15663
3864959 5600513 319048312 342383289 517 22917793
309474882 370209194 0 1 2986 978863300
18678 15592 4620
357730156 312558021 9800195 878064873 556997036 478809931
621829956 793445853 666230747 458759799 776455386 911336154
3976 1341 3249
1439113 32681746 866468303 268849853 881853897 213355675
539321703 312724435 921726471 58767267 176359048 569178244
1906 1282 715
97026269 179579236 272342447 517683873 821 296406050
16557436 77955950 1 0 3454 227364069
5126 1991 3722
786298272 27726956 894616534 175775015 183802659 789650339
345947075 325793115 940908265 500990951 220034269 838454770
12557 8051 9415
417243713 320090760 938018939 444542176 40218761 476004399
112774182 715718925 86249259 957113231 398374136 898390468
15702 14525 8194
711106081 274519689 969117828 754374747 608 916671896
17523179 333196180 0 1 2012 333201252
10495 6697 4251
2401818 100560944 1 1 682 932542606
677283166 55878316 220972512 695273693 818 728923906
12074 9892 2875
108971669 381775773 108280166 557494779 933 762693405
352621136 525357658 0 1 2860 561668995
19091 13779 7120
54073561 105984806 1 1 1101 403214626
897059785 30968384 190351531 421042937 911 967354906
10000 6011 4543
434894347 263348046 2565 3970 1267 622277910
524251054 294718567 0 1 3718 689139248
5716 1119 5410
741887446 112187316 0 1 1403 862100458
316402905 497990811 84910936 763496922 882 521154165
3213 2039 2370
25461120 21485689 1 1 1384 61952976
411270370 285616980 829450548 219699750 220 627353200
13022 10847 4439
79674134 562705322 0 1 1622 798351018
111653074 314718920 896503989 857245105 662 588154029
1877 1512 1334
23475486 90531564 470347779 177967591 378941051 99866922
85916011 129708704 839644833 705822744 53188561 422281703
8009 4117 5026
26778510 32500378 334926618 338632469 605 37429469
130818262 5274661 1 1 4518 292797227
9955 7332 3006
87424284 83546402 855949291 472917160 474 546276082
382456587 376371814 0 1 1650 416501759
11796 2155 10452
178888409 96053639 0 1 4762 212950275
793764552 390853048 99197533 558406949 716 935434705
6043 3379 1977
351432435 199407716 1 1 4388 670778739
89926942 55792945 411504988 911399125 745 280708190
13933 9300 10301
265593701 356876656 1 0 595 427699146
192946796 113537872 927105690 742859886 353 249092632
16002 10148 15085
5397406 721327008 540869803 377847922 892 743686355
231734608 146163239 0 1 2307 292647374
18964 5486 14783
691799516 417135379 0 1 1345 770438131
188116310 214082924 405861311 605070443 883 312929412
774848 613876 707035
206790012 51762287 223906694 635017757 100 295087055
132780289 225716042 0 1 4442 236033554
5668 3015 2776
625420507 180536776 32139003 463389268 771 771524948
224013070 634454 0 1 4927 524729374
23461 18989 8288
642625418 377715458 0 1 3764 851316783
262876913 676049662 879372958 924147038 399 702280998
6318 5362 2391
703082968 113852502 0 1 373 826135823
213511099 251344744 181552599 297312046 906 262932722
21036 15855 13706
420316376 269672337 201150895 526054927 839 486653494
232284672 256450795 0 1 1229 507570299
10892 9353 2802
483962271 227277201 468869212 470830908 677 556873362
379836213 652188642 0 1 3315 658574430
12570 7906 11763
186211285 164107356 347896961 333495407 615292873 355040434
2064905 292431545 482865887 160021418 693366883 661069277
26169 10087 21814
287746955 73083736 1 1 2875 820525535
167687757 268894136 80596706 767503533 455 316452577
4192 3392 3000
11821983 30765152 0 1 3075 31150966
6751897 87678439 626992446 492946208 829 242304257
27443 0 27443
80210594 76148293 0 1 2272 492307374
331139845 43970229 444883095 180312001 963 587346554
18989 15664 10862
524865093 294304711 1 1 4230 693195053
46699169 50548303 693103640 491163821 855 604583821
26079 13681 18103
559253916 398105158 33800728 976639823 270 875557585
571546866 499506857 1 1 4716 755773668
800000 799999 799999
1000000000 999999999 0 1 999999998 1000000000
1000000000 1000000000 1000000000 1000000000 999999999 1000000000
6878 5697 3078
412889525 446432996 849520305 914111450 528911547 826843627
190752286 48146749 302337625 154031556 403862263 352968478
2891 2185 2862
11454233 131082240 9728023 585492694 928 161916211
99754117 127288113 1 0 4627 412228107
4 1 3
1 1 1 0 0 2
1 2 1 0 1 2
25462 19037 11919
37751258 130287706 0 0 2021 633164263
98233145 572486241 87923732 889468070 366 697808349
8029 7802 4270
702002368 443949074 656219323 871014398 214 797395652
190337860 41028830 0 1 1064 511231073
1297 842 112
106972062 36168491 113524449 352737585 914035133 166425176
5466196 5151366 554068668 594437435 370256908 65608516
3259 1491 2681
58786660 7560140 1 0 7535 78705796
331274607 348018546 1 0 38927 743930649
24381 19262 22679
24143305 54592801 1 1 1828 103302440
592859636 550276352 886772203 915553303 664 907462963
25627 21538 21279
177507353 512857484 197821037 39357485 478 873885856
15793784 10975266 1 1 2356 15962522
16451 11323 6492
272324103 68277985 222938275 204196219 981690502 567007945
184585496 163298504 524683529 681000125 891437976 204890974
25126 12466 21055
114443439 33375463 0 1 786 157282015
294326664 289592504 507694280 614386103 34 571255360
15881 15083 13464
250411412 148380210 14675102 652090184 731799236 549875866
507264383 420484663 912704153 52319879 215320615 939120822
13155 7305 8052
9432694 6347426 152996708 608301473 76377057 9717095
81964061 350110055 441875244 812929287 331263343 798967274
18325 9433 15311
102775141 556170820 0 1 880 568785889
233994471 321002582 484585015 615822493 341 558884216
227 225 169
472970761 324187523 1 0 3608 541221294
233486937 183558220 497223368 135076835 408 320061656
28629 3638 27420
13654139 63500007 84175093 459569779 132 106776731
328290451 696883099 0 1 3151 886328853
2 2 1
6 3 0 0 0 10
2 4 0 0 0 10
784669 733542 179192
521552676 64656103 532675069 491671523 551286366 627588496
158200960 477261546 375167162 734768281 289018795 648190941
12218 4346 9791
180690570 113413256 1 0 4723 329422098
146093071 87131906 803385758 381719488 117 162578077
